chr10	108275415	109275415	-1
chr10	109581110	110581110	-1
chr10	114784389	115784389	-1
chr10	120502706	121502706	-1
chr10	13343292	14343292	-1
chr10	24638081	25638081	-1
chr10	27642163	28642163	-1
chr10	28477950	29477950	-1
chr10	34957045	35957045	-1
chr10	49590783	50590783	-1
chr10	56169274	57169274	-1
chr10	68194864	69194864	-1
chr10	8048131	9048131	-1
chr10	83150887	84150887	-1
chr11	107846150	108846150	-1
chr11	1102369	2102369	-1
chr11	113827472	114827472	-1
chr11	134496487	135496487	-1
chr11	134852115	135852115	-1
chr11	16898417	17898417	-1
chr11	21393825	22393825	-1
chr11	23033358	24033358	-1
chr11	23123177	24123177	-1
chr11	27057996	28057996	-1
chr11	37165399	38165399	-1
chr11	38723737	39723737	-1
chr11	39324763	40324763	-1
chr11	59962292	60962292	-1
chr11	64643024	65643024	-1
chr11	91278545	92278545	-1
chr12	30038907	31038907	-1
chr12	43114509	44114509	-1
chr12	68093858	69093858	-1
chr12	79618494	80618494	-1
chr12	81589374	82589374	-1
chr12	89240002	90240002	-1
chr13	56921377	57921377	-1
chr13	64481629	65481629	-1
chr13	87923802	88923802	-1
chr13	90752436	91752436	-1
chr14	35111733	36111733	-1
chr14	50758105	51758105	-1
chr14	62688781	63688781	-1
chr14	88377734	89377734	-1
chr15	38573780	39573780	-1
chr15	38932691	39932691	-1
chr15	41440575	42440575	-1
chr15	71973937	72973937	-1
chr15	74321608	75321608	-1
chr15	80379035	81379035	-1
chr15	98977519	99977519	-1
chr16	2931238	3931238	-1
chr16	34578138	35578138	-1
chr16	34743483	35743483	-1
chr16	35163655	36163655	-1
chr16	4832911	5832911	-1
chr16	57521270	58521270	-1
chr16	63272770	64272770	-1
chr16	64208373	65208373	-1
chr16	79726874	80726874	-1
chr16	84915244	85915244	-1
chr16	9134608	10134608	-1
chr17	29770766	30770766	-1
chr17	41439352	42439352	-1
chr17	45293905	46293905	-1
chr17	57923571	58923571	-1
chr17	6133698	7133698	-1
chr17	65553903	66553903	-1
chr17	68484009	69484009	-1
chr17	9980846	10980846	-1
chr18	12569643	13569643	-1
chr18	19063933	20063933	-1
chr18	25046766	26046766	-1
chr18	27396517	28396517	-1
chr18	40138498	41138498	-1
chr18	41395623	42395623	-1
chr18	53524597	54524597	-1
chr18	58488311	59488311	-1
chr18	68095003	69095003	-1
chr18	7970947	8970947	-1
chr18	9584696	10584696	-1
chr19	16117431	17117431	-1
chr19	16405569	17405569	-1
chr19	30123306	31123306	-1
chr19	41480836	42480836	-1
chr19	4292544	5292544	-1
chr1	106563804	107563804	-1
chr1	108422176	109422176	-1
chr1	162926979	163926979	-1
chr1	184939683	185939683	-1
chr1	2011930	3011930	-1
chr1	203629225	204629225	-1
chr1	215081837	216081837	-1
chr1	238473626	239473626	-1
chr1	56820232	57820232	-1
chr1	98712614	99712614	-1
chr20	54099229	55099229	-1
chr21	22315156	23315156	-1
chr21	42696788	43696788	-1
chr21	47519803	48519803	-1
chr22	50933697	51933697	-1
chr2	116927172	117927172	-1
chr2	124265601	125265601	-1
chr2	125495680	126495680	-1
chr2	147246258	148246258	-1
chr2	147488863	148488863	-1
chr2	160479880	161479880	-1
chr2	173911319	174911319	-1
chr2	185836779	186836779	-1
chr2	193300746	194300746	-1
chr2	198903058	199903058	-1
chr2	240247653	241247653	-1
chr2	27779582	28779582	-1
chr2	50274626	51274626	-1
chr2	66791500	67791500	-1
chr2	78088338	79088338	-1
chr2	80976970	81976970	-1
chr2	82199379	83199379	-1
chr2	87488970	88488970	-1
chr2	99173315	100173315	-1
chr3	102147593	103147593	-1
chr3	105741297	106741297	-1
chr3	106561992	107561992	-1
chr3	110232777	111232777	-1
chr3	117202834	118202834	-1
chr3	118203199	119203199	-1
chr3	125551853	126551853	-1
chr3	140091226	141091226	-1
chr3	147127857	148127857	-1
chr3	147561396	148561396	-1
chr3	147957561	148957561	-1
chr3	152070381	153070381	-1
chr3	15803712	16803712	-1
chr3	163413636	164413636	-1
chr3	163517040	164517040	-1
chr3	170586606	171586606	-1
chr3	171140324	172140324	-1
chr3	174986738	175986738	-1
chr3	192389593	193389593	-1
chr3	33484102	34484102	-1
chr3	51830147	52830147	-1
chr3	73948580	74948580	-1
chr3	74681784	75681784	-1
chr3	78757537	79757537	-1
chr3	86251352	87251352	-1
chr3	86319012	87319012	-1
chr3	96073982	97073982	-1
chr4	133576354	134576354	-1
chr4	145037549	146037549	-1
chr4	190248349	191248349	-1
chr4	21808309	22808309	-1
chr4	34993202	35993202	-1
chr5	119238004	120238004	-1
chr5	12272445	13272445	-1
chr5	128229810	129229810	-1
chr5	144559386	145559386	-1
chr5	147457213	148457213	-1
chr5	149560827	150560827	-1
chr5	15315401	16315401	-1
chr5	158207836	159207836	-1
chr5	23593163	24593163	-1
chr5	27585520	28585520	-1
chr5	30937912	31937912	-1
chr5	34588367	35588367	-1
chr5	5049632	6049632	-1
chr5	50688141	51688141	-1
chr5	53769072	54769072	-1
chr5	80837319	81837319	-1
chr5	86258830	87258830	-1
chr6	102275344	103275344	-1
chr6	103640442	104640442	-1
chr6	105627255	106627255	-1
chr6	113011203	114011203	-1
chr6	113212993	114212993	-1
chr6	121537934	122537934	-1
chr6	139432354	140432354	-1
chr6	141446687	142446687	-1
chr6	143294267	144294267	-1
chr6	147336306	148336306	-1
chr6	148076210	149076210	-1
chr6	157781666	158781666	-1
chr6	21715365	22715365	-1
chr6	25800771	26800771	-1
chr6	3211046	4211046	-1
chr6	55914807	56914807	-1
chr6	63266175	64266175	-1
chr6	72490449	73490449	-1
chr6	8254679	9254679	-1
chr7	107966680	108966680	-1
chr7	109251193	110251193	-1
chr7	111767921	112767921	-1
chr7	12036189	13036189	-1
chr7	152390740	153390740	-1
chr7	16199644	17199644	-1
chr7	27090774	28090774	-1
chr7	67941620	68941620	-1
chr7	79826099	80826099	-1
chr7	97529691	98529691	-1
chr8	104263916	105263916	-1
chr8	109667675	110667675	-1
chr8	113505329	114505329	-1
chr8	131770870	132770870	-1
chr8	135195098	136195098	-1
chr8	34243772	35243772	-1
chr8	36249558	37249558	-1
chr8	51086732	52086732	-1
chr8	51277482	52277482	-1
chr8	61992788	62992788	-1
chr8	69474215	70474215	-1
chr8	74693864	75693864	-1
chr8	76686741	77686741	-1
chr8	99455228	100455228	-1
chr9	105508372	106508372	-1
chr9	108776651	109776651	-1
chr9	116618210	117618210	-1
chr9	122099107	123099107	-1
chr9	123281723	124281723	-1
chr9	137888530	138888530	-1
chr9	17302119	18302119	-1
chr9	28912338	29912338	-1
chr9	29346987	30346987	-1
chr9	31787166	32787166	-1
chr9	84522453	85522453	-1
chr9	94196642	95196642	-1
chr9	99849473	100849473	-1
chrX	108924038	109924038	-1
chrX	113180479	114180479	-1
chrX	123335503	124335503	-1
chrX	33870397	34870397	-1
