chr10	106048391	107048391	-1
chr10	107354509	108354509	-1
chr10	10886092	11886092	-1
chr10	109064383	110064383	-1
chr10	113052314	114052314	-1
chr10	116944030	117944030	-1
chr10	131136208	132136208	-1
chr10	15372700	16372700	-1
chr10	16249087	17249087	-1
chr10	21769606	22769606	-1
chr10	26013378	27013378	-1
chr10	301224	1301224	-1
chr10	33510801	34510801	-1
chr10	36532396	37532396	-1
chr10	36743652	37743652	-1
chr10	38288352	39288352	-1
chr10	4017844	5017844	-1
chr10	58461259	59461259	-1
chr10	63570402	64570402	-1
chr10	64141257	65141257	-1
chr10	65522845	66522845	-1
chr10	67973391	68973391	-1
chr10	77586419	78586419	-1
chr10	89130378	90130378	-1
chr10	98665848	99665848	-1
chr11	102646009	103646009	-1
chr11	102699843	103699843	-1
chr11	103224908	104224908	-1
chr11	104039374	105039374	-1
chr11	104704352	105704352	-1
chr11	105984384	106984384	-1
chr11	107033790	108033790	-1
chr11	112020545	113020545	-1
chr11	12370242	13370242	-1
chr11	123728967	124728967	-1
chr11	124135659	125135659	-1
chr11	12724052	13724052	-1
chr11	127975111	128975111	-1
chr11	128534048	129534048	-1
chr11	132744433	133744433	-1
chr11	16224398	17224398	-1
chr11	19115765	20115765	-1
chr11	28001716	29001716	-1
chr11	30353195	31353195	-1
chr11	31833048	32833048	-1
chr11	35597887	36597887	-1
chr11	47058152	48058152	-1
chr11	55922514	56922514	-1
chr11	69562117	70562117	-1
chr11	74600818	75600818	-1
chr11	75129661	76129661	-1
chr11	80226436	81226436	-1
chr11	81836812	82836812	-1
chr11	85720011	86720011	-1
chr11	88573435	89573435	-1
chr11	88865662	89865662	-1
chr11	9002814	10002814	-1
chr11	91794906	92794906	-1
chr11	9887256	10887256	-1
chr11	99316776	100316776	-1
chr12	111316868	112316868	-1
chr12	115672595	116672595	-1
chr12	130395385	131395385	-1
chr12	13626325	14626325	-1
chr12	16783987	17783987	-1
chr12	17674773	18674773	-1
chr12	19170997	20170997	-1
chr12	26863906	27863906	-1
chr12	39273647	40273647	-1
chr12	4327984	5327984	-1
chr12	65485102	66485102	-1
chr12	70522033	71522033	-1
chr12	71388404	72388404	-1
chr12	76029366	77029366	-1
chr12	78360340	79360340	-1
chr12	82443755	83443755	-1
chr12	84772051	85772051	-1
chr12	8517618	9517618	-1
chr12	91557436	92557436	-1
chr13	100817906	101817906	-1
chr13	27627948	28627948	-1
chr13	32312858	33312858	-1
chr13	35308487	36308487	-1
chr13	39078381	40078381	-1
chr13	39318249	40318249	-1
chr13	44369747	45369747	-1
chr13	45299448	46299448	-1
chr13	46496964	47496964	-1
chr13	57421336	58421336	-1
chr13	68936615	69936615	-1
chr13	71040499	72040499	-1
chr13	73789844	74789844	-1
chr14	106042450	107042450	-1
chr14	106210613	107210613	-1
chr14	106238954	107238954	-1
chr14	106371043	107371043	-1
chr14	106573541	107573541	-1
chr14	33110499	34110499	-1
chr14	36916659	37916659	-1
chr14	45087106	46087106	-1
chr14	47958155	48958155	-1
chr14	50961349	51961349	-1
chr14	58648942	59648942	-1
chr14	85780178	86780178	-1
chr14	99251357	100251357	-1
chr15	26892321	27892321	-1
chr15	31094209	32094209	-1
chr15	39002862	40002862	-1
chr15	39284434	40284434	-1
chr15	51134694	52134694	-1
chr15	55104714	56104714	-1
chr15	55508143	56508143	-1
chr15	60292989	61292989	-1
chr15	66839379	67839379	-1
chr15	69168097	70168097	-1
chr15	75144857	76144857	-1
chr15	76568185	77568185	-1
chr15	77710425	78710425	-1
chr15	86666877	87666877	-1
chr15	97861953	98861953	-1
chr16	18093148	19093148	-1
chr16	19788511	20788511	-1
chr16	26331150	27331150	-1
chr16	26661619	27661619	-1
chr16	35106807	36106807	-1
chr16	52115874	53115874	-1
chr16	5405289	6405289	-1
chr16	68749335	69749335	-1
chr16	7095599	8095599	-1
chr16	71941662	72941662	-1
chr16	72693346	73693346	-1
chr16	7366135	8366135	-1
chr16	78060286	79060286	-1
chr17	1297730	2297730	-1
chr17	13019067	14019067	-1
chr17	15826513	16826513	-1
chr17	54290202	55290202	-1
chr17	57615395	58615395	-1
chr17	67362618	68362618	-1
chr17	69208640	70208640	-1
chr17	70974221	71974221	-1
chr18	11899819	12899819	-1
chr18	14557897	15557897	-1
chr18	32135239	33135239	-1
chr18	38353654	39353654	-1
chr18	43556771	44556771	-1
chr18	47999204	48999204	-1
chr18	57783447	58783447	-1
chr18	62870831	63870831	-1
chr18	69259861	70259861	-1
chr19	17171540	18171540	-1
chr19	27939178	28939178	-1
chr19	3041009	4041009	-1
chr19	35662098	36662098	-1
chr19	39951809	40951809	-1
chr19	44181040	45181040	-1
chr19	51907631	52907631	-1
chr19	56578811	57578811	-1
chr19	56966702	57966702	-1
chr1	105732462	106732462	-1
chr1	106075996	107075996	-1
chr1	106774531	107774531	-1
chr1	114296195	115296195	-1
chr1	115641877	116641877	-1
chr1	116648343	117648343	-1
chr1	1270422	2270422	-1
chr1	157319660	158319660	-1
chr1	164302306	165302306	-1
chr1	167900121	168900121	-1
chr1	168706751	169706751	-1
chr1	169336852	170336852	-1
chr1	178280960	179280960	-1
chr1	184215661	185215661	-1
chr1	195529068	196529068	-1
chr1	200466753	201466753	-1
chr1	202761107	203761107	-1
chr1	211763026	212763026	-1
chr1	214722209	215722209	-1
chr1	216041235	217041235	-1
chr1	218273989	219273989	-1
chr1	230669099	231669099	-1
chr1	231595019	232595019	-1
chr1	237265138	238265138	-1
chr1	246073866	247073866	-1
chr1	25091333	26091333	-1
chr1	34412112	35412112	-1
chr1	50021369	51021369	-1
chr1	55531613	56531613	-1
chr1	79645263	80645263	-1
chr20	15711027	16711027	-1
chr20	31660972	32660972	-1
chr20	33954279	34954279	-1
chr21	10994971	11994971	-1
chr21	16349631	17349631	-1
chr21	20056860	21056860	-1
chr21	21230866	22230866	-1
chr21	23883282	24883282	-1
chr21	32001208	33001208	-1
chr21	32936821	33936821	-1
chr21	36808879	37808879	-1
chr21	39168051	40168051	-1
chr21	46214467	47214467	-1
chr21	9414420	10414420	-1
chr22	20886186	21886186	-1
chr22	29702368	30702368	-1
chr22	31254117	32254117	-1
chr22	40634427	41634427	-1
chr22	50167488	51167488	-1
chr2	114677118	115677118	-1
chr2	115805211	116805211	-1
chr2	117079897	118079897	-1
chr2	117942836	118942836	-1
chr2	121549125	122549125	-1
chr2	128995592	129995592	-1
chr2	135553071	136553071	-1
chr2	137861273	138861273	-1
chr2	142552395	143552395	-1
chr2	143619245	144619245	-1
chr2	148790512	149790512	-1
chr2	150070896	151070896	-1
chr2	150805704	151805704	-1
chr2	158678052	159678052	-1
chr2	172585252	173585252	-1
chr2	173211419	174211419	-1
chr2	184402124	185402124	-1
chr2	206302514	207302514	-1
chr2	209183695	210183695	-1
chr2	21290557	22290557	-1
chr2	213768947	214768947	-1
chr2	229016464	230016464	-1
chr2	23420078	24420078	-1
chr2	240178845	241178845	-1
chr2	49440094	50440094	-1
chr2	65867155	66867155	-1
chr2	79444509	80444509	-1
chr2	82317151	83317151	-1
chr2	90479672	91479672	-1
chr3	100636353	101636353	-1
chr3	106744641	107744641	-1
chr3	135722070	136722070	-1
chr3	145125180	146125180	-1
chr3	145692558	146692558	-1
chr3	146758261	147758261	-1
chr3	147652356	148652356	-1
chr3	151543190	152543190	-1
chr3	152240237	153240237	-1
chr3	152375323	153375323	-1
chr3	156806433	157806433	-1
chr3	158888726	159888726	-1
chr3	161860096	162860096	-1
chr3	182189611	183189611	-1
chr3	18279089	19279089	-1
chr3	189031133	190031133	-1
chr3	197721156	198721156	-1
chr3	22790550	23790550	-1
chr3	31388320	32388320	-1
chr3	44622175	45622175	-1
chr3	46240309	47240309	-1
chr3	48993872	49993872	-1
chr3	61726214	62726214	-1
chr3	65460491	66460491	-1
chr3	70973914	71973914	-1
chr3	71353682	72353682	-1
chr3	82157496	83157496	-1
chr3	95023679	96023679	-1
chr4	101971846	102971846	-1
chr4	102394067	103394067	-1
chr4	107361759	108361759	-1
chr4	121808307	122808307	-1
chr4	123899816	124899816	-1
chr4	130097663	131097663	-1
chr4	132295728	133295728	-1
chr4	134942349	135942349	-1
chr4	137793924	138793924	-1
chr4	142592202	143592202	-1
chr4	142744375	143744375	-1
chr4	146934146	147934146	-1
chr4	151436239	152436239	-1
chr4	153388095	154388095	-1
chr4	158358143	159358143	-1
chr4	163209309	164209309	-1
chr4	163647054	164647054	-1
chr4	177485428	178485428	-1
chr4	182627800	183627800	-1
chr4	18271406	19271406	-1
chr4	189549966	190549966	-1
chr4	25542756	26542756	-1
chr4	33781966	34781966	-1
chr4	3643289	4643289	-1
chr4	36764549	37764549	-1
chr4	38791703	39791703	-1
chr4	40821628	41821628	-1
chr4	41770326	42770326	-1
chr4	43650596	44650596	-1
chr4	44062588	45062588	-1
chr4	61578977	62578977	-1
chr4	61890490	62890490	-1
chr4	66980966	67980966	-1
chr4	84804189	85804189	-1
chr4	87949498	88949498	-1
chr4	96165064	97165064	-1
chr4	97275523	98275523	-1
chr5	104294367	105294367	-1
chr5	105141822	106141822	-1
chr5	115774876	116774876	-1
chr5	120164703	121164703	-1
chr5	122243003	123243003	-1
chr5	124852526	125852526	-1
chr5	131461597	132461597	-1
chr5	133298989	134298989	-1
chr5	136077701	137077701	-1
chr5	16273303	17273303	-1
chr5	164474872	165474872	-1
chr5	166554632	167554632	-1
chr5	174015409	175015409	-1
chr5	19747574	20747574	-1
chr5	21267173	22267173	-1
chr5	26527071	27527071	-1
chr5	33674577	34674577	-1
chr5	35487130	36487130	-1
chr5	4260572	5260572	-1
chr5	46071166	47071166	-1
chr5	6699131	7699131	-1
chr5	68703681	69703681	-1
chr5	90360812	91360812	-1
chr5	91841370	92841370	-1
chr5	94613663	95613663	-1
chr5	95450582	96450582	-1
chr5	98186635	99186635	-1
chr6	102049506	103049506	-1
chr6	102159285	103159285	-1
chr6	106726687	107726687	-1
chr6	11293212	12293212	-1
chr6	120694257	121694257	-1
chr6	123289771	124289771	-1
chr6	141673939	142673939	-1
chr6	14451475	15451475	-1
chr6	152330452	153330452	-1
chr6	152873863	153873863	-1
chr6	16304074	17304074	-1
chr6	163675427	164675427	-1
chr6	168793335	169793335	-1
chr6	19381139	20381139	-1
chr6	19520349	20520349	-1
chr6	19645390	20645390	-1
chr6	20596452	21596452	-1
chr6	3017136	4017136	-1
chr6	40040075	41040075	-1
chr6	43849558	44849558	-1
chr6	51411977	52411977	-1
chr6	55254274	56254274	-1
chr6	70559683	71559683	-1
chr6	7808721	8808721	-1
chr6	83315599	84315599	-1
chr6	9230747	10230747	-1
chr6	92442332	93442332	-1
chr6	94974458	95974458	-1
chr7	109672049	110672049	-1
chr7	110073681	111073681	-1
chr7	11011467	12011467	-1
chr7	113178920	114178920	-1
chr7	116349997	117349997	-1
chr7	121030976	122030976	-1
chr7	128420702	129420702	-1
chr7	140158124	141158124	-1
chr7	143162468	144162468	-1
chr7	145662870	146662870	-1
chr7	29756073	30756073	-1
chr7	31443189	32443189	-1
chr7	3611702	4611702	-1
chr7	40074585	41074585	-1
chr7	44158371	45158371	-1
chr7	49996007	50996007	-1
chr7	50240350	51240350	-1
chr7	77146292	78146292	-1
chr7	77540864	78540864	-1
chr7	78139243	79139243	-1
chr7	78554634	79554634	-1
chr7	79447277	80447277	-1
chr7	83569402	84569402	-1
chr7	8656338	9656338	-1
chr7	88651369	89651369	-1
chr7	94677811	95677811	-1
chr7	96450838	97450838	-1
chr7	98070438	99070438	-1
chr8	105938913	106938913	-1
chr8	113479186	114479186	-1
chr8	134691436	135691436	-1
chr8	137391413	138391413	-1
chr8	139712821	140712821	-1
chr8	144464702	145464702	-1
chr8	15116489	16116489	-1
chr8	27293556	28293556	-1
chr8	29080861	30080861	-1
chr8	31972971	32972971	-1
chr8	32740430	33740430	-1
chr8	40725157	41725157	-1
chr8	49141366	50141366	-1
chr8	53574524	54574524	-1
chr8	55033611	56033611	-1
chr8	61998594	62998594	-1
chr8	65418580	66418580	-1
chr8	67000549	68000549	-1
chr8	67844815	68844815	-1
chr8	82657943	83657943	-1
chr8	83645470	84645470	-1
chr8	84703048	85703048	-1
chr8	92328679	93328679	-1
chr8	93384910	94384910	-1
chr8	94834886	95834886	-1
chr9	102912075	103912075	-1
chr9	106396631	107396631	-1
chr9	106585474	107585474	-1
chr9	107056278	108056278	-1
chr9	120712308	121712308	-1
chr9	134576747	135576747	-1
chr9	25928455	26928455	-1
chr9	28618277	29618277	-1
chr9	28861764	29861764	-1
chr9	3159676	4159676	-1
chr9	31759130	32759130	-1
chr9	38959534	39959534	-1
chr9	67808242	68808242	-1
chr9	83055468	84055468	-1
chr9	91206933	92206933	-1
chr9	96950715	97950715	-1
chrX	100500109	101500109	-1
chrX	102486642	103486642	-1
chrX	105463246	106463246	-1
chrX	110820190	111820190	-1
chrX	139498043	140498043	-1
chrX	141638008	142638008	-1
chrX	143723888	144723888	-1
chrX	17903907	18903907	-1
chrX	3954723	4954723	-1
chrX	4046477	5046477	-1
chrX	48933555	49933555	-1
chrX	53781125	54781125	-1
chrX	5833409	6833409	-1
chrX	87708913	88708913	-1
chrY	3082856	4082856	-1
chr10	52537835	53537835	0
chr10	77586409	78586409	0
chr11	82604642	83604642	0
chr14	24185994	25185994	0
chr16	29014777	30014777	0
chr19	2985340	3985340	0
chr21	19847479	20847479	0
chr22	27894144	28894144	0
chr6	10025981	11025981	0
chr7	63662695	64662695	0
chr10	110286061	111286061	1
chr10	110878887	111878887	1
chr10	117023449	118023449	1
chr10	122936589	123936589	1
chr10	18783402	19783402	1
chr10	21330570	22330570	1
chr10	43645515	44645515	1
chr10	53732565	54732565	1
chr10	58409645	59409645	1
chr10	69079499	70079499	1
chr10	83424831	84424831	1
chr10	83560136	84560136	1
chr10	84257978	85257978	1
chr10	87346864	88346864	1
chr10	90432833	91432833	1
chr11	101534636	102534636	1
chr11	102128401	103128401	1
chr11	102953461	103953461	1
chr11	105142700	106142700	1
chr11	114524416	115524416	1
chr11	120651448	121651448	1
chr11	122433628	123433628	1
chr11	1600737	2600737	1
chr11	21660825	22660825	1
chr11	26991168	27991168	1
chr11	28736151	29736151	1
chr11	30860976	31860976	1
chr11	32492003	33492003	1
chr11	34777860	35777860	1
chr11	40493663	41493663	1
chr11	4719170	5719170	1
chr11	55402907	56402907	1
chr11	56829436	57829436	1
chr11	58331615	59331615	1
chr11	64162956	65162956	1
chr11	73453482	74453482	1
chr11	74268536	75268536	1
chr11	79457143	80457143	1
chr11	95079424	96079424	1
chr12	107048589	108048589	1
chr12	127311367	128311367	1
chr12	20817717	21817717	1
chr12	3038669	4038669	1
chr12	33043013	34043013	1
chr12	39457565	40457565	1
chr12	48422439	49422439	1
chr12	59578966	60578966	1
chr12	72511025	73511025	1
chr12	73336130	74336130	1
chr12	78793661	79793661	1
chr12	80266325	81266325	1
chr12	85335284	86335284	1
chr13	109434093	110434093	1
chr13	109842639	110842639	1
chr13	27147498	28147498	1
chr13	34199635	35199635	1
chr13	48839022	49839022	1
chr13	53888975	54888975	1
chr13	55441866	56441866	1
chr13	64816731	65816731	1
chr13	71102359	72102359	1
chr13	71956250	72956250	1
chr13	87009184	88009184	1
chr14	100289950	101289950	1
chr14	28085584	29085584	1
chr14	29470041	30470041	1
chr14	57377001	58377001	1
chr14	70046848	71046848	1
chr14	74239290	75239290	1
chr15	100388657	101388657	1
chr15	23478355	24478355	1
chr15	32147714	33147714	1
chr15	34992452	35992452	1
chr15	36770680	37770680	1
chr15	51187018	52187018	1
chr15	62738218	63738218	1
chr15	64610352	65610352	1
chr15	78972827	79972827	1
chr15	81396451	82396451	1
chr15	89130408	90130408	1
chr15	96228731	97228731	1
chr15	96557320	97557320	1
chr16	11190046	12190046	1
chr16	18597638	19597638	1
chr16	23230000	24230000	1
chr16	31076049	32076049	1
chr16	31365457	32365457	1
chr16	3900883	4900883	1
chr16	46644683	47644683	1
chr16	49206142	50206142	1
chr16	51091760	52091760	1
chr16	60921900	61921900	1
chr16	61308929	62308929	1
chr16	62545919	63545919	1
chr16	71646082	72646082	1
chr16	75703218	76703218	1
chr16	79840451	80840451	1
chr16	83449255	84449255	1
chr17	28124949	29124949	1
chr17	29627775	30627775	1
chr17	30955934	31955934	1
chr17	48307660	49307660	1
chr17	49183227	50183227	1
chr17	51346389	52346389	1
chr17	52039359	53039359	1
chr17	58516039	59516039	1
chr17	59805686	60805686	1
chr17	60307547	61307547	1
chr17	61506086	62506086	1
chr17	69442726	70442726	1
chr17	701495	1701495	1
chr17	79358332	80358332	1
chr18	28653195	29653195	1
chr18	29994454	30994454	1
chr18	30497841	31497841	1
chr18	35917205	36917205	1
chr18	48141571	49141571	1
chr18	65335841	66335841	1
chr18	67991538	68991538	1
chr18	7161035	8161035	1
chr19	22826090	23826090	1
chr19	38562261	39562261	1
chr19	42159678	43159678	1
chr19	4221083	5221083	1
chr19	6715619	7715619	1
chr19	7891462	8891462	1
chr1	101680	1101680	1
chr1	114034951	115034951	1
chr1	162797927	163797927	1
chr1	177686730	178686730	1
chr1	183440273	184440273	1
chr1	18767166	19767166	1
chr1	192519542	193519542	1
chr1	193796195	194796195	1
chr1	195556119	196556119	1
chr1	222360347	223360347	1
chr1	231664432	232664432	1
chr1	235925075	236925075	1
chr1	239012983	240012983	1
chr1	247709836	248709836	1
chr1	30602087	31602087	1
chr1	35593429	36593429	1
chr1	37149962	38149962	1
chr1	43035996	44035996	1
chr1	4669227	5669227	1
chr1	50965481	51965481	1
chr1	51350512	52350512	1
chr1	57297704	58297704	1
chr1	75584501	76584501	1
chr1	7625519	8625519	1
chr1	86199905	87199905	1
chr1	96074162	97074162	1
chr20	25539009	26539009	1
chr21	10570289	11570289	1
chr21	21411486	22411486	1
chr21	21625516	22625516	1
chr21	22609819	23609819	1
chr21	34573792	35573792	1
chr21	47022309	48022309	1
chr21	9753244	10753244	1
chr22	23162687	24162687	1
chr22	30945632	31945632	1
chr22	33542724	34542724	1
chr22	35122754	36122754	1
chr2	109984039	110984039	1
chr2	125460122	126460122	1
chr2	13820392	14820392	1
chr2	141792944	142792944	1
chr2	143476691	144476691	1
chr2	145185250	146185250	1
chr2	147462952	148462952	1
chr2	155087398	156087398	1
chr2	164028965	165028965	1
chr2	169154746	170154746	1
chr2	180477649	181477649	1
chr2	181565055	182565055	1
chr2	181919437	182919437	1
chr2	183732558	184732558	1
chr2	210784899	211784899	1
chr2	221534900	222534900	1
chr2	222212031	223212031	1
chr2	224125216	225125216	1
chr2	237228133	238228133	1
chr2	31085362	32085362	1
chr2	31401929	32401929	1
chr2	36538157	37538157	1
chr2	40791764	41791764	1
chr2	43600164	44600164	1
chr2	43982010	44982010	1
chr2	46995596	47995596	1
chr2	62084758	63084758	1
chr2	66280996	67280996	1
chr2	77648084	78648084	1
chr2	82795194	83795194	1
chr2	82838803	83838803	1
chr2	83979857	84979857	1
chr3	102468405	103468405	1
chr3	103294569	104294569	1
chr3	109463397	110463397	1
chr3	123329495	124329495	1
chr3	134153608	135153608	1
chr3	154850851	155850851	1
chr3	157662124	158662124	1
chr3	179031479	180031479	1
chr3	185439007	186439007	1
chr3	189408740	190408740	1
chr3	193252282	194252282	1
chr3	51925916	52925916	1
chr3	896858	1896858	1
chr3	90089726	91089726	1
chr3	984065	1984065	1
chr3	99482471	100482471	1
chr4	100268665	101268665	1
chr4	117549677	118549677	1
chr4	125455087	126455087	1
chr4	12713006	13713006	1
chr4	12847426	13847426	1
chr4	139160543	140160543	1
chr4	143466230	144466230	1
chr4	150414973	151414973	1
chr4	164803410	165803410	1
chr4	165417312	166417312	1
chr4	180681681	181681681	1
chr4	38273218	39273218	1
chr4	40511205	41511205	1
chr4	45349554	46349554	1
chr4	55427550	56427550	1
chr4	62921389	63921389	1
chr4	69923053	70923053	1
chr4	78668327	79668327	1
chr4	83427236	84427236	1
chr4	92705432	93705432	1
chr4	97094793	98094793	1
chr5	103617345	104617345	1
chr5	105402791	106402791	1
chr5	124474355	125474355	1
chr5	124887284	125887284	1
chr5	127264322	128264322	1
chr5	138614930	139614930	1
chr5	139036557	140036557	1
chr5	152245171	153245171	1
chr5	161208856	162208856	1
chr5	166027951	167027951	1
chr5	18450849	19450849	1
chr5	20599615	21599615	1
chr5	23176072	24176072	1
chr5	24189515	25189515	1
chr5	24229647	25229647	1
chr5	25383720	26383720	1
chr5	33765456	34765456	1
chr5	338549	1338549	1
chr5	34874828	35874828	1
chr5	4261594	5261594	1
chr5	5383255	6383255	1
chr5	57168518	58168518	1
chr5	8088156	9088156	1
chr6	105359056	106359056	1
chr6	119462654	120462654	1
chr6	120164052	121164052	1
chr6	121289597	122289597	1
chr6	140672414	141672414	1
chr6	144992521	145992521	1
chr6	149948665	150948665	1
chr6	158386786	159386786	1
chr6	163043340	164043340	1
chr6	20085090	21085090	1
chr6	27849120	28849120	1
chr6	292226	1292226	1
chr6	4462444	5462444	1
chr6	45649655	46649655	1
chr6	5429878	6429878	1
chr6	55218047	56218047	1
chr6	62002053	63002053	1
chr6	63008561	64008561	1
chr6	66793324	67793324	1
chr6	76470333	77470333	1
chr6	80323337	81323337	1
chr6	86848761	87848761	1
chr6	86876906	87876906	1
chr6	93003218	94003218	1
chr6	9391784	10391784	1
chr6	96943718	97943718	1
chr7	102647822	103647822	1
chr7	105589125	106589125	1
chr7	110635402	111635402	1
chr7	12017420	13017420	1
chr7	131229992	132229992	1
chr7	132300044	133300044	1
chr7	136187696	137187696	1
chr7	13694774	14694774	1
chr7	139010009	140010009	1
chr7	146539787	147539787	1
chr7	19299508	20299508	1
chr7	19937264	20937264	1
chr7	27069652	28069652	1
chr7	38877839	39877839	1
chr7	4421061	5421061	1
chr7	4800713	5800713	1
chr7	57761751	58761751	1
chr7	63662730	64662730	1
chr7	69519649	70519649	1
chr7	76639973	77639973	1
chr7	77773756	78773756	1
chr7	79421755	80421755	1
chr7	87594422	88594422	1
chr7	99768346	100768346	1
chr8	100295383	101295383	1
chr8	100684271	101684271	1
chr8	10731521	11731521	1
chr8	126135361	127135361	1
chr8	129665300	130665300	1
chr8	136810222	137810222	1
chr8	14429076	15429076	1
chr8	16173290	17173290	1
chr8	18265721	19265721	1
chr8	30395651	31395651	1
chr8	32662505	33662505	1
chr8	39636527	40636527	1
chr8	4696958	5696958	1
chr8	53208287	54208287	1
chr8	69982631	70982631	1
chr8	76306960	77306960	1
chr8	89883046	90883046	1
chr8	9219708	10219708	1
chr8	95592441	96592441	1
chr9	109146493	110146493	1
chr9	109404073	110404073	1
chr9	113062914	114062914	1
chr9	118505840	119505840	1
chr9	119439322	120439322	1
chr9	120119117	121119117	1
chr9	130684846	131684846	1
chr9	133518141	134518141	1
chr9	13494335	14494335	1
chr9	140200574	141200574	1
chr9	140305755	141305755	1
chr9	17812866	18812866	1
chr9	20762840	21762840	1
chr9	24461243	25461243	1
chr9	25389728	26389728	1
chr9	28939428	29939428	1
chr9	35322933	36322933	1
chr9	37457883	38457883	1
chr9	5476682	6476682	1
chr9	65606938	66606938	1
chr9	66486340	67486340	1
chr9	6963888	7963888	1
chr9	83223271	84223271	1
chrX	108380767	109380767	1
chrX	110176539	111176539	1
chrX	121481389	122481389	1
chrX	53175272	54175272	1
chrX	76116004	77116004	1
chrX	83866279	84866279	1
chrX	8523929	9523929	1
chrY	5823405	6823405	1
