chr10	109672284	110672284	1
chr10	115851652	116851652	1
chr10	118127955	119127955	1
chr10	122308750	123308750	1
chr10	2655544	3655544	1
chr10	32338723	33338723	1
chr10	38968641	39968641	1
chr10	68334048	69334048	1
chr10	76245621	77245621	1
chr10	7939493	8939493	1
chr10	81426959	82426959	1
chr10	873922	1873922	1
chr11	105400123	106400123	1
chr11	10846390	11846390	1
chr11	122736744	123736744	1
chr11	130509153	131509153	1
chr11	131370898	132370898	1
chr11	14232823	15232823	1
chr11	15671350	16671350	1
chr11	21754370	22754370	1
chr11	24305588	25305588	1
chr11	27852347	28852347	1
chr11	37032920	38032920	1
chr11	38980736	39980736	1
chr11	46266137	47266137	1
chr11	49486378	50486378	1
chr11	57936011	58936011	1
chr11	59640218	60640218	1
chr11	61642480	62642480	1
chr11	79992657	80992657	1
chr11	80280756	81280756	1
chr11	81865361	82865361	1
chr11	83992468	84992468	1
chr11	86139945	87139945	1
chr11	86381656	87381656	1
chr11	89850756	90850756	1
chr11	95769846	96769846	1
chr11	97443519	98443519	1
chr11	99299310	100299310	1
chr12	108969349	109969349	1
chr12	110400735	111400735	1
chr12	14535779	15535779	1
chr12	17370980	18370980	1
chr12	17644814	18644814	1
chr12	18713071	19713071	1
chr12	20853816	21853816	1
chr12	24459039	25459039	1
chr12	46056697	47056697	1
chr12	68404740	69404740	1
chr12	86395258	87395258	1
chr12	94942095	95942095	1
chr13	101931814	102931814	1
chr13	105917002	106917002	1
chr13	107077865	108077865	1
chr13	108496386	109496386	1
chr13	110290415	111290415	1
chr13	24166292	25166292	1
chr13	34488198	35488198	1
chr13	55309721	56309721	1
chr13	57702836	58702836	1
chr13	61543255	62543255	1
chr13	81310026	82310026	1
chr13	82650194	83650194	1
chr13	87138389	88138389	1
chr13	87288083	88288083	1
chr13	87628827	88628827	1
chr13	87673308	88673308	1
chr13	92582842	93582842	1
chr14	103371554	104371554	1
chr14	106113130	107113130	1
chr14	106209125	107209125	1
chr14	106211015	107211015	1
chr14	106329387	107329387	1
chr14	106389283	107389283	1
chr14	25496527	26496527	1
chr14	27842164	28842164	1
chr14	42434278	43434278	1
chr14	60440519	61440519	1
chr14	64365295	65365295	1
chr14	67752714	68752714	1
chr14	70284775	71284775	1
chr14	70482401	71482401	1
chr14	87670452	88670452	1
chr15	33002203	34002203	1
chr15	39963950	40963950	1
chr15	56857123	57857123	1
chr15	63733292	64733292	1
chr15	67794104	68794104	1
chr15	68575746	69575746	1
chr15	74739008	75739008	1
chr15	75516716	76516716	1
chr15	86292997	87292997	1
chr15	93334957	94334957	1
chr15	95431413	96431413	1
chr15	98036027	99036027	1
chr16	18066256	19066256	1
chr16	32993048	33993048	1
chr17	5872374	6872374	1
chr17	67138092	68138092	1
chr17	67384692	68384692	1
chr17	7449105	8449105	1
chr18	1647732	2647732	1
chr18	23380550	24380550	1
chr18	38945857	39945857	1
chr18	4539233	5539233	1
chr18	52327226	53327226	1
chr18	61137701	62137701	1
chr18	66681946	67681946	1
chr19	18336672	19336672	1
chr19	3028803	4028803	1
chr19	33595736	34595736	1
chr19	38660391	39660391	1
chr19	39958478	40958478	1
chr19	45684399	46684399	1
chr19	51765917	52765917	1
chr19	54387130	55387130	1
chr19	57955662	58955662	1
chr1	117486460	118486460	1
chr1	118166254	119166254	1
chr1	151066092	152066092	1
chr1	171261517	172261517	1
chr1	175914318	176914318	1
chr1	181044537	182044537	1
chr1	189004032	190004032	1
chr1	192068200	193068200	1
chr1	204489821	205489821	1
chr1	212489275	213489275	1
chr1	219704201	220704201	1
chr1	238455477	239455477	1
chr1	41537232	42537232	1
chr1	50790722	51790722	1
chr1	56210984	57210984	1
chr1	62707086	63707086	1
chr1	68778970	69778970	1
chr1	69295332	70295332	1
chr1	69752562	70752562	1
chr1	73521301	74521301	1
chr1	77165074	78165074	1
chr1	80972400	81972400	1
chr1	88618720	89618720	1
chr20	35930961	36930961	1
chr20	40938100	41938100	1
chr20	52688478	53688478	1
chr20	52888958	53888958	1
chr21	20921231	21921231	1
chr21	22005131	23005131	1
chr21	25209570	26209570	1
chr21	25745580	26745580	1
chr21	25853805	26853805	1
chr21	29023637	30023637	1
chr21	33125297	34125297	1
chr21	43413748	44413748	1
chr21	9767548	10767548	1
chr22	48974672	49974672	1
chr2	104821678	105821678	1
chr2	111673004	112673004	1
chr2	113596241	114596241	1
chr2	119439386	120439386	1
chr2	123288895	124288895	1
chr2	137287623	138287623	1
chr2	141906763	142906763	1
chr2	153253715	154253715	1
chr2	154292976	155292976	1
chr2	168306752	169306752	1
chr2	182468809	183468809	1
chr2	183863584	184863584	1
chr2	18434543	19434543	1
chr2	18827874	19827874	1
chr2	195675858	196675858	1
chr2	198845203	199845203	1
chr2	215466871	216466871	1
chr2	219230411	220230411	1
chr2	221790518	222790518	1
chr2	222958500	223958500	1
chr2	224963043	225963043	1
chr2	227014269	228014269	1
chr2	41708365	42708365	1
chr2	73889748	74889748	1
chr2	82112176	83112176	1
chr2	82298630	83298630	1
chr2	90081794	91081794	1
chr2	97874038	98874038	1
chr3	103757906	104757906	1
chr3	104423344	105423344	1
chr3	104859962	105859962	1
chr3	113484235	114484235	1
chr3	114559588	115559588	1
chr3	115598383	116598383	1
chr3	125419600	126419600	1
chr3	130834004	131834004	1
chr3	133900696	134900696	1
chr3	13820968	14820968	1
chr3	15447077	16447077	1
chr3	161103670	162103670	1
chr3	171958067	172958067	1
chr3	172480810	173480810	1
chr3	184466306	185466306	1
chr3	187959671	188959671	1
chr3	193595327	194595327	1
chr3	194942300	195942300	1
chr3	34016090	35016090	1
chr3	37712195	38712195	1
chr3	40840539	41840539	1
chr3	65860555	66860555	1
chr3	70274905	71274905	1
chr3	80034971	81034971	1
chr3	87524505	88524505	1
chr3	89183983	90183983	1
chr4	126216824	127216824	1
chr4	126584964	127584964	1
chr4	127378479	128378479	1
chr4	129684330	130684330	1
chr4	134875474	135875474	1
chr4	138542597	139542597	1
chr4	141884944	142884944	1
chr4	149849492	150849492	1
chr4	151926057	152926057	1
chr4	157781733	158781733	1
chr4	162275306	163275306	1
chr4	164948514	165948514	1
chr4	167169812	168169812	1
chr4	184665650	185665650	1
chr4	186827245	187827245	1
chr4	187931804	188931804	1
chr4	23259305	24259305	1
chr4	29598861	30598861	1
chr4	31923413	32923413	1
chr4	35564430	36564430	1
chr4	4019885	5019885	1
chr4	43231148	44231148	1
chr4	43549477	44549477	1
chr4	44028777	45028777	1
chr4	46610790	47610790	1
chr4	48355046	49355046	1
chr4	60887171	61887171	1
chr4	63935582	64935582	1
chr4	65802493	66802493	1
chr4	67541163	68541163	1
chr4	76400579	77400579	1
chr4	91505999	92505999	1
chr4	92084061	93084061	1
chr4	94505201	95505201	1
chr4	97065737	98065737	1
chr4	97097518	98097518	1
chr5	103396624	104396624	1
chr5	106070788	107070788	1
chr5	108208824	109208824	1
chr5	109138357	110138357	1
chr5	121198153	122198153	1
chr5	122176349	123176349	1
chr5	12272466	13272466	1
chr5	12579249	13579249	1
chr5	126309571	127309571	1
chr5	128150606	129150606	1
chr5	131634172	132634172	1
chr5	149654885	150654885	1
chr5	151988217	152988217	1
chr5	165668095	166668095	1
chr5	166795292	167795292	1
chr5	178228054	179228054	1
chr5	23275550	24275550	1
chr5	24159877	25159877	1
chr5	27008018	28008018	1
chr5	27983734	28983734	1
chr5	2954047	3954047	1
chr5	29606552	30606552	1
chr5	34369619	35369619	1
chr5	42604398	43604398	1
chr5	50043595	51043595	1
chr5	57714422	58714422	1
chr5	59105841	60105841	1
chr5	61441790	62441790	1
chr5	63161737	64161737	1
chr5	6472962	7472962	1
chr5	84482326	85482326	1
chr5	8800936	9800936	1
chr5	91254547	92254547	1
chr5	92946245	93946245	1
chr5	96582824	97582824	1
chr5	97414727	98414727	1
chr6	103965182	104965182	1
chr6	104416381	105416381	1
chr6	123660154	124660154	1
chr6	124520624	125520624	1
chr6	13609868	14609868	1
chr6	153224728	154224728	1
chr6	1928250	2928250	1
chr6	26618122	27618122	1
chr6	398785	1398785	1
chr6	50574882	51574882	1
chr6	53693934	54693934	1
chr6	69084318	70084318	1
chr6	71784900	72784900	1
chr6	77409901	78409901	1
chr6	77870792	78870792	1
chr6	78507946	79507946	1
chr6	8017442	9017442	1
chr6	925526	1925526	1
chr7	102397108	103397108	1
chr7	105166064	106166064	1
chr7	108684958	109684958	1
chr7	119037576	120037576	1
chr7	120110585	121110585	1
chr7	120203586	121203586	1
chr7	121719809	122719809	1
chr7	121928665	122928665	1
chr7	131496509	132496509	1
chr7	14478724	15478724	1
chr7	146823182	147823182	1
chr7	147883525	148883525	1
chr7	150434759	151434759	1
chr7	158697470	159697470	1
chr7	29203656	30203656	1
chr7	38833413	39833413	1
chr7	54377980	55377980	1
chr7	80224849	81224849	1
chr8	101649222	102649222	1
chr8	105171809	106171809	1
chr8	123638374	124638374	1
chr8	131142066	132142066	1
chr8	138149388	139149388	1
chr8	24130671	25130671	1
chr8	3338701	4338701	1
chr8	51187587	52187587	1
chr8	78476008	79476008	1
chr8	81394301	82394301	1
chr8	85710729	86710729	1
chr9	105213922	106213922	1
chr9	105625190	106625190	1
chr9	110109347	111109347	1
chr9	11289363	12289363	1
chr9	124826818	125826818	1
chr9	125041680	126041680	1
chr9	12591489	13591489	1
chr9	126464986	127464986	1
chr9	133268706	134268706	1
chr9	13444491	14444491	1
chr9	138036668	139036668	1
chr9	16360210	17360210	1
chr9	23948226	24948226	1
chr9	28106997	29106997	1
chr9	33931930	34931930	1
chr9	87599612	88599612	1
chr9	90563458	91563458	1
chrX	108382202	109382202	1
chrX	112493036	113493036	1
chrX	113914784	114914784	1
chrX	116005018	117005018	1
chrX	133507128	134507128	1
chrX	136993590	137993590	1
chrX	149611232	150611232	1
chrX	154994384	155994384	1
chrX	19415344	20415344	1
chrX	19461485	20461485	1
chrX	22228072	23228072	1
chrX	25749434	26749434	1
chrX	27521169	28521169	1
chrX	46301570	47301570	1
chrX	5052846	6052846	1
chr10	74146439	75146439	0
chr13	89473254	90473254	0
chr3	175388263	176388263	0
chr4	91645203	92645203	0
chr6	75265991	76265991	0
