chr10	105573777	106573777	-1
chr10	109684160	110684160	-1
chr10	119784006	120784006	-1
chr10	122826922	123826922	-1
chr10	12484604	13484604	-1
chr10	130887779	131887779	-1
chr10	132875801	133875801	-1
chr10	24854804	25854804	-1
chr10	27078551	28078551	-1
chr10	37352744	38352744	-1
chr10	63381890	64381890	-1
chr10	65464980	66464980	-1
chr10	8059558	9059558	-1
chr11	101235660	102235660	-1
chr11	107499287	108499287	-1
chr11	112445080	113445080	-1
chr11	12794879	13794879	-1
chr11	21330492	22330492	-1
chr11	42283433	43283433	-1
chr11	43235181	44235181	-1
chr11	43613270	44613270	-1
chr11	91855703	92855703	-1
chr12	107896864	108896864	-1
chr12	113165211	114165211	-1
chr12	126751610	127751610	-1
chr12	17390529	18390529	-1
chr12	58974250	59974250	-1
chr12	61384925	62384925	-1
chr12	83025476	84025476	-1
chr12	83492083	84492083	-1
chr12	92187254	93187254	-1
chr13	107560015	108560015	-1
chr13	35609527	36609527	-1
chr13	57293847	58293847	-1
chr13	62564593	63564593	-1
chr13	83643075	84643075	-1
chr13	91369370	92369370	-1
chr14	106329602	107329602	-1
chr14	26737578	27737578	-1
chr14	27318650	28318650	-1
chr14	27966817	28966817	-1
chr14	47737442	48737442	-1
chr14	49166368	50166368	-1
chr14	57680107	58680107	-1
chr14	80943749	81943749	-1
chr15	24950851	25950851	-1
chr15	31353861	32353861	-1
chr15	38158212	39158212	-1
chr15	49199612	50199612	-1
chr15	52430598	53430598	-1
chr15	73459471	74459471	-1
chr15	80560510	81560510	-1
chr16	11977316	12977316	-1
chr16	34606733	35606733	-1
chr16	55479660	56479660	-1
chr16	5626304	6626304	-1
chr17	1173925	2173925	-1
chr17	40444655	41444655	-1
chr17	51168466	52168466	-1
chr17	52157894	53157894	-1
chr17	53076215	54076215	-1
chr17	67836441	68836441	-1
chr18	21988574	22988574	-1
chr18	25587692	26587692	-1
chr18	27099634	28099634	-1
chr18	27501284	28501284	-1
chr18	30436627	31436627	-1
chr18	35019341	36019341	-1
chr18	35749966	36749966	-1
chr18	53642458	54642458	-1
chr18	66763003	67763003	-1
chr19	10755736	11755736	-1
chr19	12322238	13322238	-1
chr19	23480896	24480896	-1
chr19	23616391	24616391	-1
chr19	3138138	4138138	-1
chr19	50246921	51246921	-1
chr1	143142112	144142112	-1
chr1	162367115	163367115	-1
chr1	24899251	25899251	-1
chr1	5954519	6954519	-1
chr1	63910094	64910094	-1
chr1	74103395	75103395	-1
chr20	46400505	47400505	-1
chr20	60073265	61073265	-1
chr21	18526376	19526376	-1
chr21	23351166	24351166	-1
chr21	33378329	34378329	-1
chr21	45971601	46971601	-1
chr22	21313866	22313866	-1
chr2	115446642	116446642	-1
chr2	117995339	118995339	-1
chr2	125494230	126494230	-1
chr2	136920495	137920495	-1
chr2	144750982	145750982	-1
chr2	147701025	148701025	-1
chr2	156394907	157394907	-1
chr2	173785851	174785851	-1
chr2	187155424	188155424	-1
chr2	207047507	208047507	-1
chr2	21666891	22666891	-1
chr2	29728683	30728683	-1
chr2	31049005	32049005	-1
chr2	4652228	5652228	-1
chr2	50360274	51360274	-1
chr2	58415583	59415583	-1
chr2	77852221	78852221	-1
chr2	78213839	79213839	-1
chr2	86546831	87546831	-1
chr2	89402962	90402962	-1
chr3	148163758	149163758	-1
chr3	153070596	154070596	-1
chr3	174228266	175228266	-1
chr3	176021754	177021754	-1
chr3	1802091	2802091	-1
chr3	24363453	25363453	-1
chr3	35549944	36549944	-1
chr3	44731673	45731673	-1
chr3	59069154	60069154	-1
chr3	6356497	7356497	-1
chr3	74358667	75358667	-1
chr3	77438497	78438497	-1
chr3	8702251	9702251	-1
chr3	94947065	95947065	-1
chr4	108064811	109064811	-1
chr4	11457950	12457950	-1
chr4	116832512	117832512	-1
chr4	126349885	127349885	-1
chr4	129031831	130031831	-1
chr4	131063258	132063258	-1
chr4	133338379	134338379	-1
chr4	149107313	150107313	-1
chr4	149982950	150982950	-1
chr4	150862476	151862476	-1
chr4	17923059	18923059	-1
chr4	186346229	187346229	-1
chr4	187297616	188297616	-1
chr4	190629930	191629930	-1
chr4	190631126	191631126	-1
chr4	30661384	31661384	-1
chr4	36187441	37187441	-1
chr4	36612935	37612935	-1
chr4	63870120	64870120	-1
chr4	81445267	82445267	-1
chr4	96781986	97781986	-1
chr5	106292287	107292287	-1
chr5	106950589	107950589	-1
chr5	107558774	108558774	-1
chr5	126099373	127099373	-1
chr5	126446720	127446720	-1
chr5	127649224	128649224	-1
chr5	13217174	14217174	-1
chr5	165253272	166253272	-1
chr5	17254037	18254037	-1
chr5	173443919	174443919	-1
chr5	24550369	25550369	-1
chr5	35405868	36405868	-1
chr5	38661850	39661850	-1
chr5	45673539	46673539	-1
chr5	49952158	50952158	-1
chr5	51793582	52793582	-1
chr5	77484228	78484228	-1
chr5	84288435	85288435	-1
chr5	99496729	100496729	-1
chr6	102300157	103300157	-1
chr6	103978055	104978055	-1
chr6	125707323	126707323	-1
chr6	129646689	130646689	-1
chr6	158806760	159806760	-1
chr6	16868420	17868420	-1
chr6	17276661	18276661	-1
chr6	22870690	23870690	-1
chr6	39631496	40631496	-1
chr6	40264746	41264746	-1
chr6	5168028	6168028	-1
chr6	57476436	58476436	-1
chr6	68060111	69060111	-1
chr6	68943371	69943371	-1
chr6	75385570	76385570	-1
chr6	86816385	87816385	-1
chr6	96415803	97415803	-1
chr7	100108356	101108356	-1
chr7	10054750	11054750	-1
chr7	101909495	102909495	-1
chr7	10626703	11626703	-1
chr7	118292458	119292458	-1
chr7	13488509	14488509	-1
chr7	13713694	14713694	-1
chr7	14065818	15065818	-1
chr7	147076612	148076612	-1
chr7	15810138	16810138	-1
chr7	158429098	159429098	-1
chr7	17885789	18885789	-1
chr7	38077860	39077860	-1
chr7	57654935	58654935	-1
chr7	78583650	79583650	-1
chr7	82501224	83501224	-1
chr7	82654609	83654609	-1
chr7	92351482	93351482	-1
chr8	100877910	101877910	-1
chr8	110429598	111429598	-1
chr8	112661451	113661451	-1
chr8	136446911	137446911	-1
chr8	137435230	138435230	-1
chr8	140483243	141483243	-1
chr8	141627516	142627516	-1
chr8	40865001	41865001	-1
chr8	4628040	5628040	-1
chr8	69901398	70901398	-1
chr8	73639361	74639361	-1
chr8	73742032	74742032	-1
chr8	77240750	78240750	-1
chr8	85043521	86043521	-1
chr8	89063490	90063490	-1
chr8	97119016	98119016	-1
chr9	11360746	12360746	-1
chr9	129207939	130207939	-1
chr9	134856854	135856854	-1
chr9	22685162	23685162	-1
chr9	28663163	29663163	-1
chr9	90118178	91118178	-1
chrX	100462798	101462798	-1
chrX	107730697	108730697	-1
chrX	113153755	114153755	-1
chrX	143703981	144703981	-1
chrX	145255516	146255516	-1
chrX	152432813	153432813	-1
chrX	22253297	23253297	-1
chrX	28249589	29249589	-1
chrX	30337648	31337648	-1
chrX	32488220	33488220	-1
chrX	36023125	37023125	-1
chrX	42112780	43112780	-1
chrX	5676381	6676381	-1
chrX	68863104	69863104	-1
chrX	85405521	86405521	-1
