chr10	110286061	111286061	-1
chr10	110878887	111878887	-1
chr10	117023449	118023449	-1
chr10	122936589	123936589	-1
chr10	18783402	19783402	-1
chr10	21330570	22330570	-1
chr10	43645515	44645515	-1
chr10	53732565	54732565	-1
chr10	58409645	59409645	-1
chr10	69079499	70079499	-1
chr10	83424831	84424831	-1
chr10	83560136	84560136	-1
chr10	84257978	85257978	-1
chr10	87346864	88346864	-1
chr10	90432833	91432833	-1
chr11	101534636	102534636	-1
chr11	102128401	103128401	-1
chr11	102953461	103953461	-1
chr11	105142700	106142700	-1
chr11	114524416	115524416	-1
chr11	120651448	121651448	-1
chr11	122433628	123433628	-1
chr11	1600737	2600737	-1
chr11	21660825	22660825	-1
chr11	26991168	27991168	-1
chr11	28736151	29736151	-1
chr11	30860976	31860976	-1
chr11	32492003	33492003	-1
chr11	34777860	35777860	-1
chr11	40493663	41493663	-1
chr11	4719170	5719170	-1
chr11	55402907	56402907	-1
chr11	56829436	57829436	-1
chr11	58331615	59331615	-1
chr11	64162956	65162956	-1
chr11	73453482	74453482	-1
chr11	74268536	75268536	-1
chr11	79457143	80457143	-1
chr11	95079424	96079424	-1
chr12	107048589	108048589	-1
chr12	127311367	128311367	-1
chr12	20817717	21817717	-1
chr12	3038669	4038669	-1
chr12	33043013	34043013	-1
chr12	39457565	40457565	-1
chr12	48422439	49422439	-1
chr12	59578966	60578966	-1
chr12	72511025	73511025	-1
chr12	73336130	74336130	-1
chr12	78793661	79793661	-1
chr12	80266325	81266325	-1
chr12	85335284	86335284	-1
chr13	109434093	110434093	-1
chr13	109842639	110842639	-1
chr13	27147498	28147498	-1
chr13	34199635	35199635	-1
chr13	48839022	49839022	-1
chr13	53888975	54888975	-1
chr13	55441866	56441866	-1
chr13	64816731	65816731	-1
chr13	71102359	72102359	-1
chr13	71956250	72956250	-1
chr13	87009184	88009184	-1
chr14	100289950	101289950	-1
chr14	28085584	29085584	-1
chr14	29470041	30470041	-1
chr14	57377001	58377001	-1
chr14	70046848	71046848	-1
chr14	74239290	75239290	-1
chr15	100388657	101388657	-1
chr15	23478355	24478355	-1
chr15	32147714	33147714	-1
chr15	34992452	35992452	-1
chr15	36770680	37770680	-1
chr15	51187018	52187018	-1
chr15	62738218	63738218	-1
chr15	64610352	65610352	-1
chr15	78972827	79972827	-1
chr15	81396451	82396451	-1
chr15	89130408	90130408	-1
chr15	96228731	97228731	-1
chr15	96557320	97557320	-1
chr16	11190046	12190046	-1
chr16	18597638	19597638	-1
chr16	23230000	24230000	-1
chr16	31076049	32076049	-1
chr16	31365457	32365457	-1
chr16	3900883	4900883	-1
chr16	46644683	47644683	-1
chr16	49206142	50206142	-1
chr16	51091760	52091760	-1
chr16	60921900	61921900	-1
chr16	61308929	62308929	-1
chr16	62545919	63545919	-1
chr16	71646082	72646082	-1
chr16	75703218	76703218	-1
chr16	79840451	80840451	-1
chr16	83449255	84449255	-1
chr17	28124949	29124949	-1
chr17	29627775	30627775	-1
chr17	30955934	31955934	-1
chr17	48307660	49307660	-1
chr17	49183227	50183227	-1
chr17	51346389	52346389	-1
chr17	52039359	53039359	-1
chr17	58516039	59516039	-1
chr17	59805686	60805686	-1
chr17	60307547	61307547	-1
chr17	61506086	62506086	-1
chr17	69442726	70442726	-1
chr17	701495	1701495	-1
chr17	79358332	80358332	-1
chr18	28653195	29653195	-1
chr18	29994454	30994454	-1
chr18	30497841	31497841	-1
chr18	35917205	36917205	-1
chr18	48141571	49141571	-1
chr18	65335841	66335841	-1
chr18	67991538	68991538	-1
chr18	7161035	8161035	-1
chr19	22826090	23826090	-1
chr19	38562261	39562261	-1
chr19	42159678	43159678	-1
chr19	4221083	5221083	-1
chr19	6715619	7715619	-1
chr19	7891462	8891462	-1
chr1	101680	1101680	-1
chr1	114034951	115034951	-1
chr1	162797927	163797927	-1
chr1	177686730	178686730	-1
chr1	183440273	184440273	-1
chr1	18767166	19767166	-1
chr1	192519542	193519542	-1
chr1	193796195	194796195	-1
chr1	195556119	196556119	-1
chr1	222360347	223360347	-1
chr1	231664432	232664432	-1
chr1	235925075	236925075	-1
chr1	239012983	240012983	-1
chr1	247709836	248709836	-1
chr1	30602087	31602087	-1
chr1	35593429	36593429	-1
chr1	37149962	38149962	-1
chr1	43035996	44035996	-1
chr1	4669227	5669227	-1
chr1	50965481	51965481	-1
chr1	51350512	52350512	-1
chr1	57297704	58297704	-1
chr1	75584501	76584501	-1
chr1	7625519	8625519	-1
chr1	86199905	87199905	-1
chr1	96074162	97074162	-1
chr20	25539009	26539009	-1
chr21	10570289	11570289	-1
chr21	21411486	22411486	-1
chr21	21625516	22625516	-1
chr21	22609819	23609819	-1
chr21	34573792	35573792	-1
chr21	47022309	48022309	-1
chr21	9753244	10753244	-1
chr22	23162687	24162687	-1
chr22	30945632	31945632	-1
chr22	33542724	34542724	-1
chr22	35122754	36122754	-1
chr2	109984039	110984039	-1
chr2	125460122	126460122	-1
chr2	13820392	14820392	-1
chr2	141792944	142792944	-1
chr2	143476691	144476691	-1
chr2	145185250	146185250	-1
chr2	147462952	148462952	-1
chr2	155087398	156087398	-1
chr2	164028965	165028965	-1
chr2	169154746	170154746	-1
chr2	180477649	181477649	-1
chr2	181565055	182565055	-1
chr2	181919437	182919437	-1
chr2	183732558	184732558	-1
chr2	210784899	211784899	-1
chr2	221534900	222534900	-1
chr2	222212031	223212031	-1
chr2	224125216	225125216	-1
chr2	237228133	238228133	-1
chr2	31085362	32085362	-1
chr2	31401929	32401929	-1
chr2	36538157	37538157	-1
chr2	40791764	41791764	-1
chr2	43600164	44600164	-1
chr2	43982010	44982010	-1
chr2	46995596	47995596	-1
chr2	62084758	63084758	-1
chr2	66280996	67280996	-1
chr2	77648084	78648084	-1
chr2	82795194	83795194	-1
chr2	82838803	83838803	-1
chr2	83979857	84979857	-1
chr3	102468405	103468405	-1
chr3	103294569	104294569	-1
chr3	109463397	110463397	-1
chr3	123329495	124329495	-1
chr3	134153608	135153608	-1
chr3	154850851	155850851	-1
chr3	157662124	158662124	-1
chr3	179031479	180031479	-1
chr3	185439007	186439007	-1
chr3	189408740	190408740	-1
chr3	193252282	194252282	-1
chr3	51925916	52925916	-1
chr3	896858	1896858	-1
chr3	90089726	91089726	-1
chr3	984065	1984065	-1
chr3	99482471	100482471	-1
chr4	100268665	101268665	-1
chr4	117549677	118549677	-1
chr4	125455087	126455087	-1
chr4	12713006	13713006	-1
chr4	12847426	13847426	-1
chr4	139160543	140160543	-1
chr4	143466230	144466230	-1
chr4	150414973	151414973	-1
chr4	164803410	165803410	-1
chr4	165417312	166417312	-1
chr4	180681681	181681681	-1
chr4	38273218	39273218	-1
chr4	40511205	41511205	-1
chr4	45349554	46349554	-1
chr4	55427550	56427550	-1
chr4	62921389	63921389	-1
chr4	69923053	70923053	-1
chr4	78668327	79668327	-1
chr4	83427236	84427236	-1
chr4	92705432	93705432	-1
chr4	97094793	98094793	-1
chr5	103617345	104617345	-1
chr5	105402791	106402791	-1
chr5	124474355	125474355	-1
chr5	124887284	125887284	-1
chr5	127264322	128264322	-1
chr5	138614930	139614930	-1
chr5	139036557	140036557	-1
chr5	152245171	153245171	-1
chr5	161208856	162208856	-1
chr5	166027951	167027951	-1
chr5	18450849	19450849	-1
chr5	20599615	21599615	-1
chr5	23176072	24176072	-1
chr5	24189515	25189515	-1
chr5	24229647	25229647	-1
chr5	25383720	26383720	-1
chr5	33765456	34765456	-1
chr5	338549	1338549	-1
chr5	34874828	35874828	-1
chr5	4261594	5261594	-1
chr5	5383255	6383255	-1
chr5	57168518	58168518	-1
chr5	8088156	9088156	-1
chr6	105359056	106359056	-1
chr6	119462654	120462654	-1
chr6	120164052	121164052	-1
chr6	121289597	122289597	-1
chr6	140672414	141672414	-1
chr6	144992521	145992521	-1
chr6	149948665	150948665	-1
chr6	158386786	159386786	-1
chr6	163043340	164043340	-1
chr6	20085090	21085090	-1
chr6	27849120	28849120	-1
chr6	292226	1292226	-1
chr6	4462444	5462444	-1
chr6	45649655	46649655	-1
chr6	5429878	6429878	-1
chr6	55218047	56218047	-1
chr6	62002053	63002053	-1
chr6	63008561	64008561	-1
chr6	66793324	67793324	-1
chr6	76470333	77470333	-1
chr6	80323337	81323337	-1
chr6	86848761	87848761	-1
chr6	86876906	87876906	-1
chr6	93003218	94003218	-1
chr6	9391784	10391784	-1
chr6	96943718	97943718	-1
chr7	102647822	103647822	-1
chr7	105589125	106589125	-1
chr7	110635402	111635402	-1
chr7	12017420	13017420	-1
chr7	131229992	132229992	-1
chr7	132300044	133300044	-1
chr7	136187696	137187696	-1
chr7	13694774	14694774	-1
chr7	139010009	140010009	-1
chr7	146539787	147539787	-1
chr7	19299508	20299508	-1
chr7	19937264	20937264	-1
chr7	27069652	28069652	-1
chr7	38877839	39877839	-1
chr7	4421061	5421061	-1
chr7	4800713	5800713	-1
chr7	57761751	58761751	-1
chr7	63662730	64662730	-1
chr7	69519649	70519649	-1
chr7	76639973	77639973	-1
chr7	77773756	78773756	-1
chr7	79421755	80421755	-1
chr7	87594422	88594422	-1
chr7	99768346	100768346	-1
chr8	100295383	101295383	-1
chr8	100684271	101684271	-1
chr8	10731521	11731521	-1
chr8	126135361	127135361	-1
chr8	129665300	130665300	-1
chr8	136810222	137810222	-1
chr8	14429076	15429076	-1
chr8	16173290	17173290	-1
chr8	18265721	19265721	-1
chr8	30395651	31395651	-1
chr8	32662505	33662505	-1
chr8	39636527	40636527	-1
chr8	4696958	5696958	-1
chr8	53208287	54208287	-1
chr8	69982631	70982631	-1
chr8	76306960	77306960	-1
chr8	89883046	90883046	-1
chr8	9219708	10219708	-1
chr8	95592441	96592441	-1
chr9	109146493	110146493	-1
chr9	109404073	110404073	-1
chr9	113062914	114062914	-1
chr9	118505840	119505840	-1
chr9	119439322	120439322	-1
chr9	120119117	121119117	-1
chr9	130684846	131684846	-1
chr9	133518141	134518141	-1
chr9	13494335	14494335	-1
chr9	140200574	141200574	-1
chr9	140305755	141305755	-1
chr9	17812866	18812866	-1
chr9	20762840	21762840	-1
chr9	24461243	25461243	-1
chr9	25389728	26389728	-1
chr9	28939428	29939428	-1
chr9	35322933	36322933	-1
chr9	37457883	38457883	-1
chr9	5476682	6476682	-1
chr9	65606938	66606938	-1
chr9	66486340	67486340	-1
chr9	6963888	7963888	-1
chr9	83223271	84223271	-1
chrX	108380767	109380767	-1
chrX	110176539	111176539	-1
chrX	121481389	122481389	-1
chrX	53175272	54175272	-1
chrX	76116004	77116004	-1
chrX	83866279	84866279	-1
chrX	8523929	9523929	-1
chrY	5823405	6823405	-1
