chr10	105279716	106279716	-1
chr10	112593148	113593148	-1
chr10	125572663	126572663	-1
chr10	12605671	13605671	-1
chr10	19702291	20702291	-1
chr10	19904445	20904445	-1
chr10	22317001	23317001	-1
chr10	30864349	31864349	-1
chr10	30966583	31966583	-1
chr10	43966445	44966445	-1
chr10	49863302	50863302	-1
chr10	57061987	58061987	-1
chr10	66506375	67506375	-1
chr10	75998616	76998616	-1
chr10	85658057	86658057	-1
chr11	105249880	106249880	-1
chr11	116111410	117111410	-1
chr11	14476183	15476183	-1
chr11	14820014	15820014	-1
chr11	24795908	25795908	-1
chr11	25603200	26603200	-1
chr11	32206273	33206273	-1
chr11	32474664	33474664	-1
chr11	37162527	38162527	-1
chr11	38529813	39529813	-1
chr11	41463180	42463180	-1
chr11	47408862	48408862	-1
chr11	51133311	52133311	-1
chr11	56007042	57007042	-1
chr11	64933873	65933873	-1
chr11	69598046	70598046	-1
chr11	70290829	71290829	-1
chr11	82765131	83765131	-1
chr11	88965880	89965880	-1
chr12	120062008	121062008	-1
chr12	123975137	124975137	-1
chr12	12408677	13408677	-1
chr12	126680758	127680758	-1
chr12	127552762	128552762	-1
chr12	15771618	16771618	-1
chr12	21362964	22362964	-1
chr12	27901734	28901734	-1
chr12	50005641	51005641	-1
chr12	61025769	62025769	-1
chr12	66495060	67495060	-1
chr12	66614294	67614294	-1
chr12	67850753	68850753	-1
chr12	7864673	8864673	-1
chr12	84194785	85194785	-1
chr12	8894530	9894530	-1
chr13	102784868	103784868	-1
chr13	104641549	105641549	-1
chr13	106391293	107391293	-1
chr13	114767971	115767971	-1
chr13	25427475	26427475	-1
chr13	44308106	45308106	-1
chr13	52208856	53208856	-1
chr13	56501719	57501719	-1
chr13	59044403	60044403	-1
chr13	62176640	63176640	-1
chr13	73003253	74003253	-1
chr13	77850801	78850801	-1
chr13	79247562	80247562	-1
chr13	81227083	82227083	-1
chr13	86114402	87114402	-1
chr14	19747024	20747024	-1
chr14	21178559	22178559	-1
chr14	44009875	45009875	-1
chr14	50423679	51423679	-1
chr14	61112653	62112653	-1
chr14	61121844	62121844	-1
chr14	66786908	67786908	-1
chr14	72716467	73716467	-1
chr15	100327984	101327984	-1
chr15	102059166	103059166	-1
chr15	27553314	28553314	-1
chr15	31902821	32902821	-1
chr15	33461924	34461924	-1
chr15	33995991	34995991	-1
chr15	40309752	41309752	-1
chr15	41343326	42343326	-1
chr15	42920482	43920482	-1
chr15	46127848	47127848	-1
chr15	51309753	52309753	-1
chr15	58875161	59875161	-1
chr15	61622157	62622157	-1
chr15	61842575	62842575	-1
chr15	62957056	63957056	-1
chr15	63592445	64592445	-1
chr15	63609098	64609098	-1
chr15	65715340	66715340	-1
chr15	90631999	91631999	-1
chr15	92173092	93173092	-1
chr16	16498690	17498690	-1
chr16	2461602	3461602	-1
chr16	28610355	29610355	-1
chr16	55932930	56932930	-1
chr16	5707104	6707104	-1
chr16	78591586	79591586	-1
chr17	10399077	11399077	-1
chr17	15858710	16858710	-1
chr17	26266761	27266761	-1
chr17	38948079	39948079	-1
chr17	39402275	40402275	-1
chr17	51065182	52065182	-1
chr17	57965462	58965462	-1
chr17	641336	1641336	-1
chr17	69924578	70924578	-1
chr17	70338561	71338561	-1
chr17	72107754	73107754	-1
chr17	76589156	77589156	-1
chr18	14359872	15359872	-1
chr18	14789167	15789167	-1
chr18	25436779	26436779	-1
chr18	30096108	31096108	-1
chr18	37438683	38438683	-1
chr18	38990436	39990436	-1
chr18	41241351	42241351	-1
chr18	44337444	45337444	-1
chr18	56605513	57605513	-1
chr18	60581610	61581610	-1
chr18	71636316	72636316	-1
chr18	75167983	76167983	-1
chr18	8594916	9594916	-1
chr19	10099527	11099527	-1
chr19	23826767	24826767	-1
chr19	2720468	3720468	-1
chr19	28673001	29673001	-1
chr19	34544704	35544704	-1
chr19	3919590	4919590	-1
chr19	42573722	43573722	-1
chr19	52962963	53962963	-1
chr19	777594	1777594	-1
chr19	9080094	10080094	-1
chr19	9080110	10080110	-1
chr1	106981448	107981448	-1
chr1	119062977	120062977	-1
chr1	146965849	147965849	-1
chr1	158012717	159012717	-1
chr1	163608727	164608727	-1
chr1	195164139	196164139	-1
chr1	205502031	206502031	-1
chr1	212324226	213324226	-1
chr1	215736082	216736082	-1
chr1	230442561	231442561	-1
chr1	236642885	237642885	-1
chr1	245384425	246384425	-1
chr1	28539131	29539131	-1
chr1	43257810	44257810	-1
chr1	45305062	46305062	-1
chr1	46151476	47151476	-1
chr1	53888774	54888774	-1
chr1	55401915	56401915	-1
chr1	58446622	59446622	-1
chr1	60870654	61870654	-1
chr1	65693067	66693067	-1
chr1	66305708	67305708	-1
chr1	68117994	69117994	-1
chr1	71336785	72336785	-1
chr1	73740521	74740521	-1
chr1	73740548	74740548	-1
chr1	78803057	79803057	-1
chr1	8642487	9642487	-1
chr20	14935470	15935470	-1
chr20	16207188	17207188	-1
chr20	19128410	20128410	-1
chr20	3932967	4932967	-1
chr20	4186629	5186629	-1
chr20	42705652	43705652	-1
chr20	56749651	57749651	-1
chr21	20345373	21345373	-1
chr21	20986999	21986999	-1
chr21	28540804	29540804	-1
chr21	28804143	29804143	-1
chr21	31379543	32379543	-1
chr21	38392574	39392574	-1
chr21	39817063	40817063	-1
chr21	9481447	10481447	-1
chr21	9586385	10586385	-1
chr22	16961781	17961781	-1
chr22	20877645	21877645	-1
chr22	21936089	22936089	-1
chr22	29467149	30467149	-1
chr22	35071609	36071609	-1
chr22	46900764	47900764	-1
chr2	105738351	106738351	-1
chr2	119475020	120475020	-1
chr2	121890364	122890364	-1
chr2	124032201	125032201	-1
chr2	12587669	13587669	-1
chr2	137736161	138736161	-1
chr2	148167400	149167400	-1
chr2	151620652	152620652	-1
chr2	158188772	159188772	-1
chr2	159385197	160385197	-1
chr2	164268620	165268620	-1
chr2	165493613	166493613	-1
chr2	168224253	169224253	-1
chr2	171932544	172932544	-1
chr2	175127769	176127769	-1
chr2	188344314	189344314	-1
chr2	188649302	189649302	-1
chr2	205975373	206975373	-1
chr2	217541426	218541426	-1
chr2	222969483	223969483	-1
chr2	225360696	226360696	-1
chr2	232217908	233217908	-1
chr2	39856247	40856247	-1
chr2	54194786	55194786	-1
chr2	54534830	55534830	-1
chr2	60534376	61534376	-1
chr2	98867559	99867559	-1
chr3	104377581	105377581	-1
chr3	106967210	107967210	-1
chr3	107559374	108559374	-1
chr3	110969882	111969882	-1
chr3	11809100	12809100	-1
chr3	118774994	119774994	-1
chr3	129797063	130797063	-1
chr3	132907277	133907277	-1
chr3	138742146	139742146	-1
chr3	138982512	139982512	-1
chr3	141658485	142658485	-1
chr3	141838736	142838736	-1
chr3	144867359	145867359	-1
chr3	149221985	150221985	-1
chr3	15040514	16040514	-1
chr3	157168360	158168360	-1
chr3	161643647	162643647	-1
chr3	170589555	171589555	-1
chr3	172984787	173984787	-1
chr3	176015723	177015723	-1
chr3	181620686	182620686	-1
chr3	185829118	186829118	-1
chr3	186551460	187551460	-1
chr3	187376846	188376846	-1
chr3	188125568	189125568	-1
chr3	33830613	34830613	-1
chr3	34129001	35129001	-1
chr3	35320884	36320884	-1
chr3	41548255	42548255	-1
chr3	44164973	45164973	-1
chr3	44665543	45665543	-1
chr3	50247097	51247097	-1
chr3	52768924	53768924	-1
chr3	64914357	65914357	-1
chr3	69309228	70309228	-1
chr3	70199775	71199775	-1
chr3	82385254	83385254	-1
chr3	85309214	86309214	-1
chr3	90265162	91265162	-1
chr4	124322633	125322633	-1
chr4	128430234	129430234	-1
chr4	131295113	132295113	-1
chr4	163678361	164678361	-1
chr4	174290191	175290191	-1
chr4	27627227	28627227	-1
chr4	38620630	39620630	-1
chr4	38792267	39792267	-1
chr4	39983878	40983878	-1
chr4	40745650	41745650	-1
chr4	54221528	55221528	-1
chr4	55386637	56386637	-1
chr4	56470846	57470846	-1
chr4	63669243	64669243	-1
chr4	68889220	69889220	-1
chr4	84733098	85733098	-1
chr4	88991753	89991753	-1
chr4	93301450	94301450	-1
chr4	95884422	96884422	-1
chr4	96583332	97583332	-1
chr5	10346570	11346570	-1
chr5	10496790	11496790	-1
chr5	104987549	105987549	-1
chr5	116360537	117360537	-1
chr5	122828175	123828175	-1
chr5	123503500	124503500	-1
chr5	124044863	125044863	-1
chr5	124951118	125951118	-1
chr5	12547926	13547926	-1
chr5	130479159	131479159	-1
chr5	143304544	144304544	-1
chr5	152683351	153683351	-1
chr5	155936434	156936434	-1
chr5	161100963	162100963	-1
chr5	161734474	162734474	-1
chr5	163927528	164927528	-1
chr5	166297597	167297597	-1
chr5	166446472	167446472	-1
chr5	167256652	168256652	-1
chr5	18487457	19487457	-1
chr5	236144	1236144	-1
chr5	23633385	24633385	-1
chr5	25460103	26460103	-1
chr5	2719885	3719885	-1
chr5	2837309	3837309	-1
chr5	36599610	37599610	-1
chr5	41131740	42131740	-1
chr5	41307606	42307606	-1
chr5	4929934	5929934	-1
chr5	62643354	63643354	-1
chr5	63163770	64163770	-1
chr5	78475110	79475110	-1
chr5	79563166	80563166	-1
chr5	81076418	82076418	-1
chr5	83690337	84690337	-1
chr5	90823671	91823671	-1
chr5	93010498	94010498	-1
chr5	99082710	100082710	-1
chr6	101159130	102159130	-1
chr6	102374076	103374076	-1
chr6	103306834	104306834	-1
chr6	10506512	11506512	-1
chr6	121413711	122413711	-1
chr6	128791992	129791992	-1
chr6	138880015	139880015	-1
chr6	147962627	148962627	-1
chr6	157345918	158345918	-1
chr6	166436337	167436337	-1
chr6	21232223	22232223	-1
chr6	21290992	22290992	-1
chr6	41584935	42584935	-1
chr6	62955274	63955274	-1
chr6	77900601	78900601	-1
chr6	89198160	90198160	-1
chr6	98740723	99740723	-1
chr7	108773787	109773787	-1
chr7	111423077	112423077	-1
chr7	13419175	14419175	-1
chr7	141228627	142228627	-1
chr7	143480196	144480196	-1
chr7	144792537	145792537	-1
chr7	149018123	150018123	-1
chr7	152242105	153242105	-1
chr7	19643578	20643578	-1
chr7	32890719	33890719	-1
chr7	48159402	49159402	-1
chr7	52329867	53329867	-1
chr7	63788626	64788626	-1
chr7	76690027	77690027	-1
chr7	81399554	82399554	-1
chr7	9557291	10557291	-1
chr8	106192607	107192607	-1
chr8	112409357	113409357	-1
chr8	115711455	116711455	-1
chr8	136257789	137257789	-1
chr8	138359787	139359787	-1
chr8	16047081	17047081	-1
chr8	19989269	20989269	-1
chr8	25978978	26978978	-1
chr8	26575386	27575386	-1
chr8	33988475	34988475	-1
chr8	35105690	36105690	-1
chr8	43377862	44377862	-1
chr8	49929797	50929797	-1
chr8	71363452	72363452	-1
chr8	90207067	91207067	-1
chr8	96643016	97643016	-1
chr9	103032872	104032872	-1
chr9	10638903	11638903	-1
chr9	113896871	114896871	-1
chr9	114911176	115911176	-1
chr9	116153	1116153	-1
chr9	118559045	119559045	-1
chr9	119039453	120039453	-1
chr9	121046149	122046149	-1
chr9	133523612	134523612	-1
chr9	13694815	14694815	-1
chr9	15345959	16345959	-1
chr9	19656251	20656251	-1
chr9	2769845	3769845	-1
chr9	29507461	30507461	-1
chr9	34265156	35265156	-1
chr9	41707757	42707757	-1
chr9	44311531	45311531	-1
chr9	69419102	70419102	-1
chr9	73548620	74548620	-1
chr9	81663502	82663502	-1
chr9	93900451	94900451	-1
chr9	97550112	98550112	-1
chrX	102110616	103110616	-1
chrX	103699471	104699471	-1
chrX	111458023	112458023	-1
chrX	112369397	113369397	-1
chrX	113621671	114621671	-1
chrX	132666337	133666337	-1
chrX	13287549	14287549	-1
chrX	144576638	145576638	-1
chrX	149230821	150230821	-1
chrX	153563824	154563824	-1
chrX	23121958	24121958	-1
chrX	44663943	45663943	-1
chrX	67592707	68592707	-1
chrX	67665745	68665745	-1
chrX	75994278	76994278	-1
chrX	8415156	9415156	-1
chrX	88425108	89425108	-1
