chr10	10243016	11243016	-1
chr10	108640690	109640690	-1
chr10	10950177	11950177	-1
chr10	116650446	117650446	-1
chr10	124077396	125077396	-1
chr10	127636380	128636380	-1
chr10	135452745	136452745	-1
chr10	14480597	15480597	-1
chr10	14671372	15671372	-1
chr10	22709427	23709427	-1
chr10	24500317	25500317	-1
chr10	27553701	28553701	-1
chr10	30720538	31720538	-1
chr10	30762775	31762775	-1
chr10	3093405	4093405	-1
chr10	33546745	34546745	-1
chr10	38897936	39897936	-1
chr10	43269890	44269890	-1
chr10	48443323	49443323	-1
chr10	5315724	6315724	-1
chr10	5423519	6423519	-1
chr10	57755783	58755783	-1
chr10	57931853	58931853	-1
chr10	61557026	62557026	-1
chr10	61799217	62799217	-1
chr10	67055206	68055206	-1
chr10	68275167	69275167	-1
chr10	75040181	76040181	-1
chr10	78399088	79399088	-1
chr10	93753641	94753641	-1
chr10	99170470	100170470	-1
chr11	10232561	11232561	-1
chr11	103438208	104438208	-1
chr11	103438216	104438216	-1
chr11	113223297	114223297	-1
chr11	113801192	114801192	-1
chr11	119150409	120150409	-1
chr11	127691240	128691240	-1
chr11	19282335	20282335	-1
chr11	2755044	3755044	-1
chr11	32374143	33374143	-1
chr11	32543577	33543577	-1
chr11	33041211	34041211	-1
chr11	4287281	5287281	-1
chr11	47476160	48476160	-1
chr11	47728443	48728443	-1
chr11	62056214	63056214	-1
chr11	6466813	7466813	-1
chr11	6990681	7990681	-1
chr11	77013634	78013634	-1
chr11	9000453	10000453	-1
chr11	91887219	92887219	-1
chr11	9401723	10401723	-1
chr12	103398520	104398520	-1
chr12	107266465	108266465	-1
chr12	112500683	113500683	-1
chr12	114294989	115294989	-1
chr12	120733220	121733220	-1
chr12	124666387	125666387	-1
chr12	127937101	128937101	-1
chr12	24930110	25930110	-1
chr12	25871704	26871704	-1
chr12	34662595	35662595	-1
chr12	34844994	35844994	-1
chr12	38515118	39515118	-1
chr12	44846673	45846673	-1
chr12	47210106	48210106	-1
chr12	49421241	50421241	-1
chr12	56389787	57389787	-1
chr12	65746764	66746764	-1
chr12	66838080	67838080	-1
chr12	88029990	89029990	-1
chr12	91246976	92246976	-1
chr12	95536582	96536582	-1
chr12	9555784	10555784	-1
chr13	101004957	102004957	-1
chr13	104984864	105984864	-1
chr13	105938768	106938768	-1
chr13	115100186	116100186	-1
chr13	37734667	38734667	-1
chr13	47762755	48762755	-1
chr13	55617163	56617163	-1
chr13	57430918	58430918	-1
chr13	64032207	65032207	-1
chr13	67133931	68133931	-1
chr13	68543227	69543227	-1
chr13	68602855	69602855	-1
chr13	71742196	72742196	-1
chr13	72655163	73655163	-1
chr13	77209480	78209480	-1
chr13	78278346	79278346	-1
chr13	78952655	79952655	-1
chr13	82254624	83254624	-1
chr13	88279998	89279998	-1
chr13	89671036	90671036	-1
chr13	97379017	98379017	-1
chr13	97452254	98452254	-1
chr14	103514869	104514869	-1
chr14	19085697	20085697	-1
chr14	24345325	25345325	-1
chr14	30039342	31039342	-1
chr14	33407672	34407672	-1
chr14	34255032	35255032	-1
chr14	37519839	38519839	-1
chr14	41317506	42317506	-1
chr14	49080519	50080519	-1
chr14	58951606	59951606	-1
chr14	68538796	69538796	-1
chr14	70890391	71890391	-1
chr14	71823284	72823284	-1
chr14	79378655	80378655	-1
chr14	83039247	84039247	-1
chr14	83369682	84369682	-1
chr14	85181217	86181217	-1
chr14	86106195	87106195	-1
chr14	91440381	92440381	-1
chr14	93960247	94960247	-1
chr15	23595971	24595971	-1
chr15	27752649	28752649	-1
chr15	38807979	39807979	-1
chr15	47258605	48258605	-1
chr15	48594823	49594823	-1
chr15	51363247	52363247	-1
chr15	52411622	53411622	-1
chr15	68270123	69270123	-1
chr15	70467111	71467111	-1
chr15	78588341	79588341	-1
chr15	87215537	88215537	-1
chr15	97236002	98236002	-1
chr16	12019918	13019918	-1
chr16	1513487	2513487	-1
chr16	28790919	29790919	-1
chr16	31316977	32316977	-1
chr16	47044939	48044939	-1
chr16	67803346	68803346	-1
chr16	74574051	75574051	-1
chr17	10050277	11050277	-1
chr17	12174812	13174812	-1
chr17	13954700	14954700	-1
chr17	14453189	15453189	-1
chr17	15858464	16858464	-1
chr17	37435624	38435624	-1
chr17	38213722	39213722	-1
chr17	40663539	41663539	-1
chr17	41747294	42747294	-1
chr17	41900046	42900046	-1
chr17	42380737	43380737	-1
chr17	54248168	55248168	-1
chr17	55090613	56090613	-1
chr17	56718835	57718835	-1
chr17	62091690	63091690	-1
chr17	63300714	64300714	-1
chr17	66952609	67952609	-1
chr17	6737387	7737387	-1
chr17	6818067	7818067	-1
chr17	70286004	71286004	-1
chr17	74256494	75256494	-1
chr17	74731121	75731121	-1
chr17	78977272	79977272	-1
chr17	8074788	9074788	-1
chr18	24860389	25860389	-1
chr18	27938	1027938	-1
chr18	29758596	30758596	-1
chr18	30729843	31729843	-1
chr18	41358747	42358747	-1
chr18	42815888	43815888	-1
chr18	54461535	55461535	-1
chr18	65414218	66414218	-1
chr18	69252248	70252248	-1
chr18	70198818	71198818	-1
chr18	74041830	75041830	-1
chr19	14312134	15312134	-1
chr19	18409673	19409673	-1
chr19	19029013	20029013	-1
chr19	29544677	30544677	-1
chr19	3138953	4138953	-1
chr19	32012096	33012096	-1
chr19	3429251	4429251	-1
chr19	39142386	40142386	-1
chr19	410752	1410752	-1
chr19	45842995	46842995	-1
chr19	4799916	5799916	-1
chr19	51348437	52348437	-1
chr19	54362710	55362710	-1
chr19	56542080	57542080	-1
chr19	7797792	8797792	-1
chr1	10275196	11275196	-1
chr1	112552086	113552086	-1
chr1	145107293	146107293	-1
chr1	145998387	146998387	-1
chr1	147807939	148807939	-1
chr1	148597078	149597078	-1
chr1	151223736	152223736	-1
chr1	153263374	154263374	-1
chr1	155579034	156579034	-1
chr1	160454001	161454001	-1
chr1	161233033	162233033	-1
chr1	162659632	163659632	-1
chr1	168494150	169494150	-1
chr1	171199680	172199680	-1
chr1	171395034	172395034	-1
chr1	173809387	174809387	-1
chr1	174520033	175520033	-1
chr1	182298910	183298910	-1
chr1	185423602	186423602	-1
chr1	191420404	192420404	-1
chr1	197876386	198876386	-1
chr1	198098279	199098279	-1
chr1	202953820	203953820	-1
chr1	208339519	209339519	-1
chr1	210141326	211141326	-1
chr1	215180410	216180410	-1
chr1	215320505	216320505	-1
chr1	216931902	217931902	-1
chr1	218887829	219887829	-1
chr1	219414476	220414476	-1
chr1	223811541	224811541	-1
chr1	225643747	226643747	-1
chr1	228152042	229152042	-1
chr1	233107984	234107984	-1
chr1	237311853	238311853	-1
chr1	241123532	242123532	-1
chr1	241948278	242948278	-1
chr1	243150868	244150868	-1
chr1	243400005	244400005	-1
chr1	244784351	245784351	-1
chr1	3325411	4325411	-1
chr1	33702151	34702151	-1
chr1	36686573	37686573	-1
chr1	48537844	49537844	-1
chr1	58028775	59028775	-1
chr1	66459446	67459446	-1
chr1	66845841	67845841	-1
chr1	69951977	70951977	-1
chr1	78626683	79626683	-1
chr20	13099096	14099096	-1
chr20	17988011	18988011	-1
chr20	1907980	2907980	-1
chr20	34336588	35336588	-1
chr20	39369905	40369905	-1
chr20	43412262	44412262	-1
chr20	56951882	57951882	-1
chr20	60896654	61896654	-1
chr20	61206060	62206060	-1
chr20	62430027	63430027	-1
chr20	8881747	9881747	-1
chr21	10170279	11170279	-1
chr21	11161930	12161930	-1
chr21	18861814	19861814	-1
chr21	24316637	25316637	-1
chr21	27247409	28247409	-1
chr21	27964851	28964851	-1
chr21	37160310	38160310	-1
chr21	42666452	43666452	-1
chr21	46061697	47061697	-1
chr21	47025677	48025677	-1
chr22	26757309	27757309	-1
chr22	26757315	27757315	-1
chr22	30303777	31303777	-1
chr22	51022803	52022803	-1
chr2	100271220	101271220	-1
chr2	103218358	104218358	-1
chr2	104796396	105796396	-1
chr2	106908602	107908602	-1
chr2	11457738	12457738	-1
chr2	120138148	121138148	-1
chr2	12236242	13236242	-1
chr2	126180960	127180960	-1
chr2	134770785	135770785	-1
chr2	137103247	138103247	-1
chr2	14198838	15198838	-1
chr2	153122144	154122144	-1
chr2	169445723	170445723	-1
chr2	178092691	179092691	-1
chr2	181667640	182667640	-1
chr2	184447323	185447323	-1
chr2	194815554	195815554	-1
chr2	196796315	197796315	-1
chr2	198751320	199751320	-1
chr2	199530813	200530813	-1
chr2	200923292	201923292	-1
chr2	21914077	22914077	-1
chr2	230608247	231608247	-1
chr2	240277286	241277286	-1
chr2	27527129	28527129	-1
chr2	29619702	30619702	-1
chr2	33632361	34632361	-1
chr2	36073265	37073265	-1
chr2	3655039	4655039	-1
chr2	40797467	41797467	-1
chr2	41250940	42250940	-1
chr2	41347539	42347539	-1
chr2	55667758	56667758	-1
chr2	60561407	61561407	-1
chr2	60690817	61690817	-1
chr2	62517703	63517703	-1
chr2	79992460	80992460	-1
chr2	82078963	83078963	-1
chr2	82246550	83246550	-1
chr2	82374829	83374829	-1
chr2	85929819	86929819	-1
chr2	96433311	97433311	-1
chr3	108308292	109308292	-1
chr3	111391611	112391611	-1
chr3	112197934	113197934	-1
chr3	112966364	113966364	-1
chr3	114982133	115982133	-1
chr3	121473767	122473767	-1
chr3	125524171	126524171	-1
chr3	12700926	13700926	-1
chr3	12708100	13708100	-1
chr3	127369494	128369494	-1
chr3	129552607	130552607	-1
chr3	130920037	131920037	-1
chr3	144812170	145812170	-1
chr3	145143100	146143100	-1
chr3	146811239	147811239	-1
chr3	149233690	150233690	-1
chr3	153829909	154829909	-1
chr3	154796011	155796011	-1
chr3	163293916	164293916	-1
chr3	166690791	167690791	-1
chr3	181816265	182816265	-1
chr3	183938173	184938173	-1
chr3	184883289	185883289	-1
chr3	18545123	19545123	-1
chr3	186435964	187435964	-1
chr3	194594088	195594088	-1
chr3	20072927	21072927	-1
chr3	37020686	38020686	-1
chr3	45592720	46592720	-1
chr3	60427526	61427526	-1
chr3	68172141	69172141	-1
chr3	7095372	8095372	-1
chr3	75007766	76007766	-1
chr3	77117035	78117035	-1
chr3	81999477	82999477	-1
chr3	8278926	9278926	-1
chr3	83466913	84466913	-1
chr3	88921855	89921855	-1
chr3	95642954	96642954	-1
chr3	98407030	99407030	-1
chr3	99285585	100285585	-1
chr4	107125908	108125908	-1
chr4	129831844	130831844	-1
chr4	130775943	131775943	-1
chr4	131099113	132099113	-1
chr4	139486569	140486569	-1
chr4	140227751	141227751	-1
chr4	142505561	143505561	-1
chr4	145606641	146606641	-1
chr4	146269509	147269509	-1
chr4	163331362	164331362	-1
chr4	163362034	164362034	-1
chr4	16793179	17793179	-1
chr4	188899942	189899942	-1
chr4	19083356	20083356	-1
chr4	19570574	20570574	-1
chr4	20606631	21606631	-1
chr4	28724378	29724378	-1
chr4	31262308	32262308	-1
chr4	36743714	37743714	-1
chr4	38414633	39414633	-1
chr4	41421593	42421593	-1
chr4	47995751	48995751	-1
chr4	4993811	5993811	-1
chr4	53596053	54596053	-1
chr4	55385258	56385258	-1
chr4	73995646	74995646	-1
chr4	81044815	82044815	-1
chr4	83887699	84887699	-1
chr4	89300839	90300839	-1
chr4	91800772	92800772	-1
chr4	99927508	100927508	-1
chr5	101082633	102082633	-1
chr5	103393214	104393214	-1
chr5	10933873	11933873	-1
chr5	112313606	113313606	-1
chr5	112792320	113792320	-1
chr5	152733815	153733815	-1
chr5	159016590	160016590	-1
chr5	165080674	166080674	-1
chr5	166297597	167297597	-1
chr5	170295265	171295265	-1
chr5	172194202	173194202	-1
chr5	17397021	18397021	-1
chr5	175298413	176298413	-1
chr5	18225496	19225496	-1
chr5	20296370	21296370	-1
chr5	23633385	24633385	-1
chr5	29458974	30458974	-1
chr5	50295014	51295014	-1
chr5	50304880	51304880	-1
chr5	50791893	51791893	-1
chr5	52641378	53641378	-1
chr5	56434406	57434406	-1
chr5	6002671	7002671	-1
chr5	72313308	73313308	-1
chr5	788907	1788907	-1
chr5	83439176	84439176	-1
chr5	90027986	91027986	-1
chr5	93265324	94265324	-1
chr5	97082059	98082059	-1
chr5	99829011	100829011	-1
chr6	100017606	101017606	-1
chr6	101829966	102829966	-1
chr6	102356894	103356894	-1
chr6	10354211	11354211	-1
chr6	105498483	106498483	-1
chr6	110439367	111439367	-1
chr6	110709792	111709792	-1
chr6	117397670	118397670	-1
chr6	119037833	120037833	-1
chr6	120813973	121813973	-1
chr6	12513001	13513001	-1
chr6	125214855	126214855	-1
chr6	125984700	126984700	-1
chr6	133244735	134244735	-1
chr6	137555604	138555604	-1
chr6	138389426	139389426	-1
chr6	152171210	153171210	-1
chr6	165465800	166465800	-1
chr6	16951405	17951405	-1
chr6	1939045	2939045	-1
chr6	20133806	21133806	-1
chr6	21847908	22847908	-1
chr6	24107546	25107546	-1
chr6	28223390	29223390	-1
chr6	37197111	38197111	-1
chr6	38794202	39794202	-1
chr6	40384259	41384259	-1
chr6	50079637	51079637	-1
chr6	50252564	51252564	-1
chr6	6716479	7716479	-1
chr6	68011054	69011054	-1
chr6	8854770	9854770	-1
chr6	90043043	91043043	-1
chr6	92047224	93047224	-1
chr6	92658866	93658866	-1
chr7	103437342	104437342	-1
chr7	104932944	105932944	-1
chr7	113276705	114276705	-1
chr7	115326680	116326680	-1
chr7	119358043	120358043	-1
chr7	122788189	123788189	-1
chr7	126451435	127451435	-1
chr7	129897478	130897478	-1
chr7	132277599	133277599	-1
chr7	132769633	133769633	-1
chr7	133154988	134154988	-1
chr7	136482604	137482604	-1
chr7	13913125	14913125	-1
chr7	141511303	142511303	-1
chr7	145518691	146518691	-1
chr7	148046485	149046485	-1
chr7	150603724	151603724	-1
chr7	158785451	159785451	-1
chr7	158953487	159953487	-1
chr7	26393083	27393083	-1
chr7	32277354	33277354	-1
chr7	34071539	35071539	-1
chr7	37875485	38875485	-1
chr7	53511493	54511493	-1
chr7	56000583	57000583	-1
chr7	6496138	7496138	-1
chr7	67195630	68195630	-1
chr7	76177337	77177337	-1
chr7	79195324	80195324	-1
chr7	86544439	87544439	-1
chr7	90813519	91813519	-1
chr7	98198870	99198870	-1
chr7	98761006	99761006	-1
chr7	99484933	100484933	-1
chr8	110700869	111700869	-1
chr8	119766535	120766535	-1
chr8	125377936	126377936	-1
chr8	129372291	130372291	-1
chr8	129729583	130729583	-1
chr8	133221666	134221666	-1
chr8	14004380	15004380	-1
chr8	144153700	145153700	-1
chr8	145486699	146486699	-1
chr8	18893564	19893564	-1
chr8	22098117	23098117	-1
chr8	24593261	25593261	-1
chr8	31873938	32873938	-1
chr8	31934587	32934587	-1
chr8	31986203	32986203	-1
chr8	5238132	6238132	-1
chr8	64777847	65777847	-1
chr8	65487943	66487943	-1
chr8	65624845	66624845	-1
chr8	68333340	69333340	-1
chr8	69853355	70853355	-1
chr8	74656092	75656092	-1
chr8	89455663	90455663	-1
chr8	91747964	92747964	-1
chr8	94657069	95657069	-1
chr9	101254631	102254631	-1
chr9	109270785	110270785	-1
chr9	110454565	111454565	-1
chr9	121544632	122544632	-1
chr9	12610658	13610658	-1
chr9	128733990	129733990	-1
chr9	135118922	136118922	-1
chr9	136018013	137018013	-1
chr9	13949171	14949171	-1
chr9	16713692	17713692	-1
chr9	2570256	3570256	-1
chr9	27604508	28604508	-1
chr9	29944350	30944350	-1
chr9	30261829	31261829	-1
chr9	30788030	31788030	-1
chr9	40750362	41750362	-1
chr9	44410356	45410356	-1
chr9	65594909	66594909	-1
chr9	69796529	70796529	-1
chr9	70954012	71954012	-1
chr9	73456577	74456577	-1
chr9	80911503	81911503	-1
chr9	83372781	84372781	-1
chr9	90050980	91050980	-1
chr9	93676	1093676	-1
chr9	95311946	96311946	-1
chrX	103536632	104536632	-1
chrX	104309599	105309599	-1
chrX	109194822	110194822	-1
chrX	111349915	112349915	-1
chrX	125533720	126533720	-1
chrX	127344851	128344851	-1
chrX	143834189	144834189	-1
chrX	145917334	146917334	-1
chrX	2217055	3217055	-1
chrX	28854483	29854483	-1
chrX	43130821	44130821	-1
chrX	4929419	5929419	-1
chrX	50283039	51283039	-1
chrX	5195504	6195504	-1
chrX	94371576	95371576	-1
chrY	19746097	20746097	-1
chrY	23495775	24495775	-1
