chr10	100840054	101840054	-1
chr10	101305148	102305148	-1
chr10	106248653	107248653	-1
chr10	108251937	109251937	-1
chr10	128265262	129265262	-1
chr10	128461864	129461864	-1
chr10	131453455	132453455	-1
chr10	16231143	17231143	-1
chr10	1883353	2883353	-1
chr10	19461010	20461010	-1
chr10	20588286	21588286	-1
chr10	24913977	25913977	-1
chr10	26797417	27797417	-1
chr10	31381974	32381974	-1
chr10	37619870	38619870	-1
chr10	42623824	43623824	-1
chr10	44018194	45018194	-1
chr10	5105957	6105957	-1
chr10	58240399	59240399	-1
chr10	58359499	59359499	-1
chr10	6046789	7046789	-1
chr10	65573966	66573966	-1
chr10	70269492	71269492	-1
chr10	70847318	71847318	-1
chr10	73685892	74685892	-1
chr10	76572114	77572114	-1
chr11	100369320	101369320	-1
chr11	101874434	102874434	-1
chr11	101874434	102874434	-1
chr11	104099333	105099333	-1
chr11	109632291	110632291	-1
chr11	1129955	2129955	-1
chr11	116001661	117001661	-1
chr11	116148315	117148315	-1
chr11	116503576	117503576	-1
chr11	116974363	117974363	-1
chr11	125069759	126069759	-1
chr11	12711808	13711808	-1
chr11	131135209	132135209	-1
chr11	132540628	133540628	-1
chr11	133877814	134877814	-1
chr11	16492638	17492638	-1
chr11	17313092	18313092	-1
chr11	17420848	18420848	-1
chr11	21320433	22320433	-1
chr11	23000533	24000533	-1
chr11	30290966	31290966	-1
chr11	3589490	4589490	-1
chr11	39974937	40974937	-1
chr11	40189611	41189611	-1
chr11	47580117	48580117	-1
chr11	48060051	49060051	-1
chr11	5270297	6270297	-1
chr11	61860179	62860179	-1
chr11	67520686	68520686	-1
chr11	70743976	71743976	-1
chr11	7099693	8099693	-1
chr11	86019013	87019013	-1
chr11	92047523	93047523	-1
chr11	99647743	100647743	-1
chr12	10065486	11065486	-1
chr12	129550632	130550632	-1
chr12	13820376	14820376	-1
chr12	25253983	26253983	-1
chr12	28246111	29246111	-1
chr12	28784359	29784359	-1
chr12	33044805	34044805	-1
chr12	39476758	40476758	-1
chr12	45318311	46318311	-1
chr12	4658714	5658714	-1
chr12	47019275	48019275	-1
chr12	48230505	49230505	-1
chr12	96096063	97096063	-1
chr13	101712627	102712627	-1
chr13	104392316	105392316	-1
chr13	25311880	26311880	-1
chr13	28375725	29375725	-1
chr13	54373887	55373887	-1
chr13	59732514	60732514	-1
chr13	63622594	64622594	-1
chr13	70059465	71059465	-1
chr13	80997241	81997241	-1
chr13	85068418	86068418	-1
chr13	89601840	90601840	-1
chr13	93005519	94005519	-1
chr13	94118867	95118867	-1
chr13	96190558	97190558	-1
chr13	98581196	99581196	-1
chr14	102727591	103727591	-1
chr14	20991393	21991393	-1
chr14	31552702	32552702	-1
chr14	46193060	47193060	-1
chr14	56385480	57385480	-1
chr14	62215883	63215883	-1
chr14	67049338	68049338	-1
chr14	91540504	92540504	-1
chr14	95447141	96447141	-1
chr15	21292927	22292927	-1
chr15	32989970	33989970	-1
chr15	34385983	35385983	-1
chr15	36310954	37310954	-1
chr15	38196389	39196389	-1
chr15	45782072	46782072	-1
chr15	53646544	54646544	-1
chr15	53665591	54665591	-1
chr15	55195655	56195655	-1
chr15	55768949	56768949	-1
chr15	66375010	67375010	-1
chr15	82228869	83228869	-1
chr15	87759346	88759346	-1
chr15	89139424	90139424	-1
chr15	90574250	91574250	-1
chr15	92781852	93781852	-1
chr15	95884766	96884766	-1
chr16	10721338	11721338	-1
chr16	14102058	15102058	-1
chr16	18711918	19711918	-1
chr16	19220206	20220206	-1
chr16	23191918	24191918	-1
chr16	2387357	3387357	-1
chr16	25073355	26073355	-1
chr16	25958144	26958144	-1
chr16	26884450	27884450	-1
chr16	28079040	29079040	-1
chr16	28902910	29902910	-1
chr16	33985837	34985837	-1
chr16	52053931	53053931	-1
chr16	70927420	71927420	-1
chr16	76549698	77549698	-1
chr16	76966471	77966471	-1
chr16	81591215	82591215	-1
chr16	83951790	84951790	-1
chr16	84736599	85736599	-1
chr16	85895618	86895618	-1
chr16	87545126	88545126	-1
chr17	14020672	15020672	-1
chr17	15851718	16851718	-1
chr17	16727359	17727359	-1
chr17	19221862	20221862	-1
chr17	19757051	20757051	-1
chr17	28371598	29371598	-1
chr17	48307665	49307665	-1
chr17	53388868	54388868	-1
chr17	60713676	61713676	-1
chr17	61447305	62447305	-1
chr17	64334693	65334693	-1
chr17	75001429	76001429	-1
chr17	7675043	8675043	-1
chr17	78167052	79167052	-1
chr17	8355095	9355095	-1
chr18	11796595	12796595	-1
chr18	1321736	2321736	-1
chr18	14307792	15307792	-1
chr18	14671081	15671081	-1
chr18	20338904	21338904	-1
chr18	26275125	27275125	-1
chr18	30759125	31759125	-1
chr18	45811896	46811896	-1
chr18	55275694	56275694	-1
chr18	57390634	58390634	-1
chr18	57659235	58659235	-1
chr18	73248626	74248626	-1
chr18	74910762	75910762	-1
chr19	10453806	11453806	-1
chr19	13550394	14550394	-1
chr19	15623807	16623807	-1
chr19	15718129	16718129	-1
chr19	18269954	19269954	-1
chr19	23478170	24478170	-1
chr19	32813265	33813265	-1
chr19	40966176	41966176	-1
chr19	43145894	44145894	-1
chr19	45372867	46372867	-1
chr19	55527172	56527172	-1
chr19	6285587	7285587	-1
chr19	7053473	8053473	-1
chr19	7163959	8163959	-1
chr19	9612346	10612346	-1
chr1	103747537	104747537	-1
chr1	116909339	117909339	-1
chr1	1388192	2388192	-1
chr1	142720804	143720804	-1
chr1	147055404	148055404	-1
chr1	148597078	149597078	-1
chr1	154419980	155419980	-1
chr1	158959840	159959840	-1
chr1	159969574	160969574	-1
chr1	166167542	167167542	-1
chr1	17782961	18782961	-1
chr1	179370057	180370057	-1
chr1	179378498	180378498	-1
chr1	180625665	181625665	-1
chr1	184237436	185237436	-1
chr1	185376265	186376265	-1
chr1	185376265	186376265	-1
chr1	186142772	187142772	-1
chr1	197683047	198683047	-1
chr1	208700745	209700745	-1
chr1	210374947	211374947	-1
chr1	215057700	216057700	-1
chr1	219456071	220456071	-1
chr1	222311617	223311617	-1
chr1	223387247	224387247	-1
chr1	226553479	227553479	-1
chr1	22849438	23849438	-1
chr1	232914290	233914290	-1
chr1	242295496	243295496	-1
chr1	245067330	246067330	-1
chr1	247996	1247996	-1
chr1	29077602	30077602	-1
chr1	40749612	41749612	-1
chr1	7090319	8090319	-1
chr1	77131203	78131203	-1
chr1	78626683	79626683	-1
chr1	78953032	79953032	-1
chr1	84358152	85358152	-1
chr1	85531997	86531997	-1
chr1	8567796	9567796	-1
chr1	92218789	93218789	-1
chr1	95181735	96181735	-1
chr1	97294091	98294091	-1
chr20	13994085	14994085	-1
chr20	14935470	15935470	-1
chr20	1598458	2598458	-1
chr20	21964080	22964080	-1
chr20	23961347	24961347	-1
chr20	29629581	30629581	-1
chr20	34249067	35249067	-1
chr20	42944552	43944552	-1
chr20	52073456	53073456	-1
chr20	54027360	55027360	-1
chr20	55355021	56355021	-1
chr20	61608756	62608756	-1
chr20	6538475	7538475	-1
chr20	760784	1760784	-1
chr20	916618	1916618	-1
chr21	18807298	19807298	-1
chr21	19621231	20621231	-1
chr21	22027286	23027286	-1
chr21	23696344	24696344	-1
chr21	33116512	34116512	-1
chr21	33249538	34249538	-1
chr21	37401383	38401383	-1
chr21	38827632	39827632	-1
chr21	44800293	45800293	-1
chr21	44804860	45804860	-1
chr21	9693462	10693462	-1
chr21	9870709	10870709	-1
chr22	20420015	21420015	-1
chr22	28957800	29957800	-1
chr22	36117267	37117267	-1
chr22	43982220	44982220	-1
chr22	45009827	46009827	-1
chr22	45428094	46428094	-1
chr22	45904166	46904166	-1
chr22	49796563	50796563	-1
chr2	104667195	105667195	-1
chr2	104746840	105746840	-1
chr2	108461282	109461282	-1
chr2	11187434	12187434	-1
chr2	115637277	116637277	-1
chr2	138406695	139406695	-1
chr2	143883847	144883847	-1
chr2	150807798	151807798	-1
chr2	154695762	155695762	-1
chr2	158146624	159146624	-1
chr2	162491677	163491677	-1
chr2	169727099	170727099	-1
chr2	192532693	193532693	-1
chr2	194276572	195276572	-1
chr2	19509544	20509544	-1
chr2	198303221	199303221	-1
chr2	212202816	213202816	-1
chr2	215049213	216049213	-1
chr2	221895390	222895390	-1
chr2	230344442	231344442	-1
chr2	234623694	235623694	-1
chr2	24809486	25809486	-1
chr2	26079232	27079232	-1
chr2	4308333	5308333	-1
chr2	4687181	5687181	-1
chr2	52093644	53093644	-1
chr2	58613588	59613588	-1
chr2	61868595	62868595	-1
chr2	83802542	84802542	-1
chr2	84488594	85488594	-1
chr2	85325114	86325114	-1
chr2	88080989	89080989	-1
chr2	89548239	90548239	-1
chr2	89569102	90569102	-1
chr2	91878499	92878499	-1
chr2	9527856	10527856	-1
chr2	96466042	97466042	-1
chr3	104689114	105689114	-1
chr3	113591939	114591939	-1
chr3	126001286	127001286	-1
chr3	128165960	129165960	-1
chr3	131720464	132720464	-1
chr3	144867359	145867359	-1
chr3	146588661	147588661	-1
chr3	153165880	154165880	-1
chr3	15891711	16891711	-1
chr3	159121185	160121185	-1
chr3	165554783	166554783	-1
chr3	166190695	167190695	-1
chr3	170289867	171289867	-1
chr3	171347358	172347358	-1
chr3	172393129	173393129	-1
chr3	173784096	174784096	-1
chr3	181079397	182079397	-1
chr3	181282161	182282161	-1
chr3	183403244	184403244	-1
chr3	185117414	186117414	-1
chr3	190188331	191188331	-1
chr3	19198474	20198474	-1
chr3	19263057	20263057	-1
chr3	23832049	24832049	-1
chr3	32035391	33035391	-1
chr3	35706779	36706779	-1
chr3	36996796	37996796	-1
chr3	38871842	39871842	-1
chr3	39986983	40986983	-1
chr3	41453896	42453896	-1
chr3	45903120	46903120	-1
chr3	46952600	47952600	-1
chr3	50727422	51727422	-1
chr3	52576635	53576635	-1
chr3	60190657	61190657	-1
chr3	64443247	65443247	-1
chr3	68168202	69168202	-1
chr3	74700141	75700141	-1
chr3	74742777	75742777	-1
chr3	78403527	79403527	-1
chr3	78887587	79887587	-1
chr3	79991977	80991977	-1
chr3	80486305	81486305	-1
chr3	83233196	84233196	-1
chr3	83681745	84681745	-1
chr3	86868871	87868871	-1
chr3	93794107	94794107	-1
chr3	95448975	96448975	-1
chr3	9547126	10547126	-1
chr4	113552313	114552313	-1
chr4	118095412	119095412	-1
chr4	120183417	121183417	-1
chr4	129537829	130537829	-1
chr4	13063469	14063469	-1
chr4	130814162	131814162	-1
chr4	130931449	131931449	-1
chr4	132865794	133865794	-1
chr4	13436660	14436660	-1
chr4	139332680	140332680	-1
chr4	145768181	146768181	-1
chr4	147907504	148907504	-1
chr4	149662666	150662666	-1
chr4	150239303	151239303	-1
chr4	150239303	151239303	-1
chr4	150837990	151837990	-1
chr4	152311494	153311494	-1
chr4	153487758	154487758	-1
chr4	154087306	155087306	-1
chr4	154629461	155629461	-1
chr4	162068773	163068773	-1
chr4	162518160	163518160	-1
chr4	163578544	164578544	-1
chr4	163912465	164912465	-1
chr4	16855771	17855771	-1
chr4	169566282	170566282	-1
chr4	170872958	171872958	-1
chr4	171103100	172103100	-1
chr4	182971121	183971121	-1
chr4	183021789	184021789	-1
chr4	183253024	184253024	-1
chr4	190654405	191654405	-1
chr4	190896566	191896566	-1
chr4	19889627	20889627	-1
chr4	24505624	25505624	-1
chr4	24789506	25789506	-1
chr4	28383647	29383647	-1
chr4	30342730	31342730	-1
chr4	35478176	36478176	-1
chr4	37378923	38378923	-1
chr4	39946332	40946332	-1
chr4	40093601	41093601	-1
chr4	40306335	41306335	-1
chr4	43292324	44292324	-1
chr4	44214652	45214652	-1
chr4	44227689	45227689	-1
chr4	49109604	50109604	-1
chr4	64381160	65381160	-1
chr4	66016010	67016010	-1
chr4	6999352	7999352	-1
chr4	71365879	72365879	-1
chr4	73409677	74409677	-1
chr4	77779154	78779154	-1
chr4	83868388	84868388	-1
chr4	8760864	9760864	-1
chr4	90417785	91417785	-1
chr4	97263736	98263736	-1
chr5	101899942	102899942	-1
chr5	111987146	112987146	-1
chr5	116388956	117388956	-1
chr5	120047782	121047782	-1
chr5	120166421	121166421	-1
chr5	121665812	122665812	-1
chr5	123511895	124511895	-1
chr5	13034970	14034970	-1
chr5	13260590	14260590	-1
chr5	137518821	138518821	-1
chr5	139296838	140296838	-1
chr5	145262735	146262735	-1
chr5	146694473	147694473	-1
chr5	148178200	149178200	-1
chr5	149780122	150780122	-1
chr5	15093292	16093292	-1
chr5	152696980	153696980	-1
chr5	161699457	162699457	-1
chr5	166102793	167102793	-1
chr5	167266854	168266854	-1
chr5	168800104	169800104	-1
chr5	169153456	170153456	-1
chr5	170106727	171106727	-1
chr5	175485272	176485272	-1
chr5	26869045	27869045	-1
chr5	35116415	36116415	-1
chr5	4769844	5769844	-1
chr5	494683	1494683	-1
chr5	54617453	55617453	-1
chr5	63342376	64342376	-1
chr5	64665289	65665289	-1
chr5	68499898	69499898	-1
chr5	72583799	73583799	-1
chr5	74505584	75505584	-1
chr5	75234627	76234627	-1
chr5	81408210	82408210	-1
chr5	82050124	83050124	-1
chr5	83398443	84398443	-1
chr5	87015000	88015000	-1
chr5	94411286	95411286	-1
chr5	97351142	98351142	-1
chr5	97871506	98871506	-1
chr6	101642481	102642481	-1
chr6	102390897	103390897	-1
chr6	107455599	108455599	-1
chr6	112370957	113370957	-1
chr6	119462659	120462659	-1
chr6	121912750	122912750	-1
chr6	123052273	124052273	-1
chr6	130121343	131121343	-1
chr6	131102805	132102805	-1
chr6	132056738	133056738	-1
chr6	134189338	135189338	-1
chr6	148371611	149371611	-1
chr6	152267218	153267218	-1
chr6	155277473	156277473	-1
chr6	159705175	160705175	-1
chr6	16667441	17667441	-1
chr6	167664544	168664544	-1
chr6	21492296	22492296	-1
chr6	27146631	28146631	-1
chr6	28165939	29165939	-1
chr6	32995358	33995358	-1
chr6	33683813	34683813	-1
chr6	3577471	4577471	-1
chr6	42783342	43783342	-1
chr6	43000326	44000326	-1
chr6	49064520	50064520	-1
chr6	53873223	54873223	-1
chr6	54335543	55335543	-1
chr6	63492399	64492399	-1
chr6	6616108	7616108	-1
chr6	71846054	72846054	-1
chr6	71873417	72873417	-1
chr6	75010565	76010565	-1
chr6	7527473	8527473	-1
chr6	8442228	9442228	-1
chr6	8475894	9475894	-1
chr6	9079545	10079545	-1
chr6	92199855	93199855	-1
chr6	92949475	93949475	-1
chr6	98101261	99101261	-1
chr7	100792378	101792378	-1
chr7	10151271	11151271	-1
chr7	101975165	102975165	-1
chr7	104799911	105799911	-1
chr7	105960516	106960516	-1
chr7	106811519	107811519	-1
chr7	108094450	109094450	-1
chr7	111272560	112272560	-1
chr7	11231479	12231479	-1
chr7	119059765	120059765	-1
chr7	122081002	123081002	-1
chr7	126811047	127811047	-1
chr7	128539882	129539882	-1
chr7	133539835	134539835	-1
chr7	13368313	14368313	-1
chr7	141743333	142743333	-1
chr7	144631536	145631536	-1
chr7	145732622	146732622	-1
chr7	146229534	147229534	-1
chr7	147212429	148212429	-1
chr7	150246297	151246297	-1
chr7	154263738	155263738	-1
chr7	18047407	19047407	-1
chr7	31296357	32296357	-1
chr7	3150317	4150317	-1
chr7	32942899	33942899	-1
chr7	38285312	39285312	-1
chr7	40866638	41866638	-1
chr7	42238423	43238423	-1
chr7	43611973	44611973	-1
chr7	44541542	45541542	-1
chr7	44602484	45602484	-1
chr7	46441340	47441340	-1
chr7	4966384	5966384	-1
chr7	56723894	57723894	-1
chr7	64023919	65023919	-1
chr7	66126285	67126285	-1
chr7	69041959	70041959	-1
chr7	72335948	73335948	-1
chr7	78576477	79576477	-1
chr7	98557578	99557578	-1
chr7	98773940	99773940	-1
chr7	99141789	100141789	-1
chr8	101276826	102276826	-1
chr8	102042226	103042226	-1
chr8	105559982	106559982	-1
chr8	117590888	118590888	-1
chr8	118019194	119019194	-1
chr8	125237099	126237099	-1
chr8	129009311	130009311	-1
chr8	132488223	133488223	-1
chr8	132599150	133599150	-1
chr8	138250201	139250201	-1
chr8	139135463	140135463	-1
chr8	139505658	140505658	-1
chr8	139952730	140952730	-1
chr8	142456048	143456048	-1
chr8	143885602	144885602	-1
chr8	17677393	18677393	-1
chr8	30136168	31136168	-1
chr8	30376232	31376232	-1
chr8	33098489	34098489	-1
chr8	37216992	38216992	-1
chr8	50801379	51801379	-1
chr8	60083031	61083031	-1
chr8	61987026	62987026	-1
chr8	64260155	65260155	-1
chr8	64641692	65641692	-1
chr8	68351102	69351102	-1
chr8	90497300	91497300	-1
chr8	91145768	92145768	-1
chr8	95776895	96776895	-1
chr8	97131088	98131088	-1
chr8	97388553	98388553	-1
chr8	97588644	98588644	-1
chr8	99985537	100985537	-1
chr9	100640410	101640410	-1
chr9	10930546	11930546	-1
chr9	110108613	111108613	-1
chr9	113855213	114855213	-1
chr9	116820060	117820060	-1
chr9	11715071	12715071	-1
chr9	119327706	120327706	-1
chr9	119578083	120578083	-1
chr9	124778103	125778103	-1
chr9	128143929	129143929	-1
chr9	132529661	133529661	-1
chr9	135729170	136729170	-1
chr9	137469012	138469012	-1
chr9	16950107	17950107	-1
chr9	23741537	24741537	-1
chr9	29710377	30710377	-1
chr9	31158770	32158770	-1
chr9	3260914	4260914	-1
chr9	38080626	39080626	-1
chr9	38501406	39501406	-1
chr9	40934228	41934228	-1
chr9	7277092	8277092	-1
chr9	73681884	74681884	-1
chr9	7555635	8555635	-1
chr9	80826551	81826551	-1
chr9	85383330	86383330	-1
chr9	8725166	9725166	-1
chr9	93178478	94178478	-1
chr9	98332169	99332169	-1
chrX	109580666	110580666	-1
chrX	114365624	115365624	-1
chrX	11621459	12621459	-1
chrX	118259677	119259677	-1
chrX	122895100	123895100	-1
chrX	124040130	125040130	-1
chrX	138559916	139559916	-1
chrX	143097105	144097105	-1
chrX	144576638	145576638	-1
chrX	1775599	2775599	-1
chrX	23762022	24762022	-1
chrX	5276893	6276893	-1
chrX	5950279	6950279	-1
chrX	65503676	66503676	-1
chrX	7815860	8815860	-1
chrX	95540288	96540288	-1
chrX	99477490	100477490	-1
chrY	13928804	14928804	-1
chrY	13961929	14961929	-1
chrY	15306803	16306803	-1
chrY	3544322	4544322	-1
