chr10	100010135	101010135	1
chr10	103352402	104352402	1
chr10	111387350	112387350	1
chr10	11491695	12491695	1
chr10	116804903	117804903	1
chr10	117236625	118236625	1
chr10	11760613	12760613	1
chr10	118079963	119079963	1
chr10	120483122	121483122	1
chr10	133460873	134460873	1
chr10	13648756	14648756	1
chr10	17336844	18336844	1
chr10	17504767	18504767	1
chr10	20491639	21491639	1
chr10	23639720	24639720	1
chr10	24833363	25833363	1
chr10	25117536	26117536	1
chr10	26413139	27413139	1
chr10	27938023	28938023	1
chr10	31264243	32264243	1
chr10	32922866	33922866	1
chr10	33610871	34610871	1
chr10	44047480	45047480	1
chr10	52035504	53035504	1
chr10	53101197	54101197	1
chr10	55204673	56204673	1
chr10	55542280	56542280	1
chr10	56377537	57377537	1
chr10	56531518	57531518	1
chr10	60293469	61293469	1
chr10	64838377	65838377	1
chr10	64838378	65838378	1
chr10	69550619	70550619	1
chr10	70696271	71696271	1
chr10	7155567	8155567	1
chr10	75100256	76100256	1
chr10	75190370	76190370	1
chr10	8092773	9092773	1
chr10	84711577	85711577	1
chr10	89379325	90379325	1
chr10	90375407	91375407	1
chr10	93953384	94953384	1
chr10	94063398	95063398	1
chr10	95853691	96853691	1
chr10	98633651	99633651	1
chr11	103714974	104714974	1
chr11	105443817	106443817	1
chr11	109329827	110329827	1
chr11	109726424	110726424	1
chr11	111087835	112087835	1
chr11	111906923	112906923	1
chr11	113129791	114129791	1
chr11	113557468	114557468	1
chr11	114293914	115293914	1
chr11	11909929	12909929	1
chr11	120993401	121993401	1
chr11	123496454	124496454	1
chr11	125953492	126953492	1
chr11	126746451	127746451	1
chr11	127487652	128487652	1
chr11	132207247	133207247	1
chr11	14374669	15374669	1
chr11	1916820	2916820	1
chr11	23748052	24748052	1
chr11	23975288	24975288	1
chr11	24092711	25092711	1
chr11	28432475	29432475	1
chr11	37087621	38087621	1
chr11	43527773	44527773	1
chr11	47686446	48686446	1
chr11	48075501	49075501	1
chr11	51112376	52112376	1
chr11	54887012	55887012	1
chr11	55233242	56233242	1
chr11	56398404	57398404	1
chr11	56734708	57734708	1
chr11	58575653	59575653	1
chr11	59823811	60823811	1
chr11	62046351	63046351	1
chr11	62641441	63641441	1
chr11	63659054	64659054	1
chr11	63939854	64939854	1
chr11	683203	1683203	1
chr11	70595931	71595931	1
chr11	72825428	73825428	1
chr11	77035235	78035235	1
chr11	78634738	79634738	1
chr11	79116915	80116915	1
chr11	83019681	84019681	1
chr11	85040981	86040981	1
chr11	88065641	89065641	1
chr11	88080699	89080699	1
chr11	89204640	90204640	1
chr11	89608306	90608306	1
chr11	91466191	92466191	1
chr11	91719007	92719007	1
chr11	92806560	93806560	1
chr11	93333863	94333863	1
chr11	95806504	96806504	1
chr12	101171047	102171047	1
chr12	110216961	111216961	1
chr12	11671477	12671477	1
chr12	117493065	118493065	1
chr12	118796018	119796018	1
chr12	124019584	125019584	1
chr12	124502180	125502180	1
chr12	12512317	13512317	1
chr12	125414298	126414298	1
chr12	129285717	130285717	1
chr12	129431180	130431180	1
chr12	14111657	15111657	1
chr12	14340765	15340765	1
chr12	18149636	19149636	1
chr12	18431306	19431306	1
chr12	19172917	20172917	1
chr12	20395048	21395048	1
chr12	20539001	21539001	1
chr12	27588231	28588231	1
chr12	28770741	29770741	1
chr12	33844065	34844065	1
chr12	42069375	43069375	1
chr12	43898834	44898834	1
chr12	48757408	49757408	1
chr12	49710312	50710312	1
chr12	51508922	52508922	1
chr12	57540249	58540249	1
chr12	59949848	60949848	1
chr12	65468628	66468628	1
chr12	74039993	75039993	1
chr12	76378595	77378595	1
chr12	76700025	77700025	1
chr12	83153956	84153956	1
chr12	89420498	90420498	1
chr12	89953658	90953658	1
chr12	92156865	93156865	1
chr12	96115977	97115977	1
chr12	98112616	99112616	1
chr13	104110141	105110141	1
chr13	112776305	113776305	1
chr13	23107724	24107724	1
chr13	26724062	27724062	1
chr13	27532873	28532873	1
chr13	39560048	40560048	1
chr13	48830432	49830432	1
chr13	51320926	52320926	1
chr13	55051462	56051462	1
chr13	56354990	57354990	1
chr13	57128403	58128403	1
chr13	65172671	66172671	1
chr13	70506078	71506078	1
chr13	74027718	75027718	1
chr13	80539032	81539032	1
chr13	83178654	84178654	1
chr13	85624326	86624326	1
chr13	87217133	88217133	1
chr13	90593427	91593427	1
chr13	90822376	91822376	1
chr14	103498987	104498987	1
chr14	104708376	105708376	1
chr14	106177510	107177510	1
chr14	106327971	107327971	1
chr14	22529652	23529652	1
chr14	25715001	26715001	1
chr14	29174436	30174436	1
chr14	29726281	30726281	1
chr14	38236000	39236000	1
chr14	49261418	50261418	1
chr14	50075124	51075124	1
chr14	51936329	52936329	1
chr14	62271913	63271913	1
chr14	63375750	64375750	1
chr14	66056878	67056878	1
chr14	73379540	74379540	1
chr14	83776636	84776636	1
chr14	92509285	93509285	1
chr14	94859096	95859096	1
chr14	96003638	97003638	1
chr14	96010684	97010684	1
chr14	96621107	97621107	1
chr15	100146162	101146162	1
chr15	24095771	25095771	1
chr15	26198605	27198605	1
chr15	29451712	30451712	1
chr15	29785349	30785349	1
chr15	30111488	31111488	1
chr15	30906861	31906861	1
chr15	31870251	32870251	1
chr15	32025425	33025425	1
chr15	33988174	34988174	1
chr15	34989014	35989014	1
chr15	38325146	39325146	1
chr15	41008876	42008876	1
chr15	41784937	42784937	1
chr15	41947742	42947742	1
chr15	42804594	43804594	1
chr15	43600514	44600514	1
chr15	47500240	48500240	1
chr15	48690566	49690566	1
chr15	49749941	50749941	1
chr15	53435015	54435015	1
chr15	54511550	55511550	1
chr15	56380838	57380838	1
chr15	56847116	57847116	1
chr15	58479524	59479524	1
chr15	61327009	62327009	1
chr15	65036995	66036995	1
chr15	65831572	66831572	1
chr15	68031800	69031800	1
chr15	69175146	70175146	1
chr15	69476696	70476696	1
chr15	70709553	71709553	1
chr15	78249039	79249039	1
chr15	81988806	82988806	1
chr15	82209327	83209327	1
chr15	86172995	87172995	1
chr15	86445836	87445836	1
chr15	91076316	92076316	1
chr15	92317921	93317921	1
chr15	93542313	94542313	1
chr15	97158439	98158439	1
chr15	97167961	98167961	1
chr16	11988012	12988012	1
chr16	13519912	14519912	1
chr16	13696542	14696542	1
chr16	14865134	15865134	1
chr16	16930350	17930350	1
chr16	17144848	18144848	1
chr16	17627924	18627924	1
chr16	28194744	29194744	1
chr16	30132024	31132024	1
chr16	32234875	33234875	1
chr16	33069999	34069999	1
chr16	33168792	34168792	1
chr16	33322945	34322945	1
chr16	34347391	35347391	1
chr16	3822547	4822547	1
chr16	3941584	4941584	1
chr16	48648236	49648236	1
chr16	51567586	52567586	1
chr16	58692599	59692599	1
chr16	66574093	67574093	1
chr16	67545119	68545119	1
chr16	67663649	68663649	1
chr16	69671841	70671841	1
chr16	70890820	71890820	1
chr16	72672232	73672232	1
chr16	79079677	80079677	1
chr16	81803266	82803266	1
chr16	86200178	87200178	1
chr16	87908724	88908724	1
chr16	88896664	89896664	1
chr16	88907264	89907264	1
chr16	88931008	89931008	1
chr17	10249342	11249342	1
chr17	11112824	12112824	1
chr17	13020734	14020734	1
chr17	15221322	16221322	1
chr17	17263049	18263049	1
chr17	18974980	19974980	1
chr17	2033559	3033559	1
chr17	20352082	21352082	1
chr17	20519440	21519440	1
chr17	21517918	22517918	1
chr17	25383291	26383291	1
chr17	25515010	26515010	1
chr17	26850894	27850894	1
chr17	31833506	32833506	1
chr17	39969941	40969941	1
chr17	40890721	41890721	1
chr17	47615363	48615363	1
chr17	47770009	48770009	1
chr17	4829179	5829179	1
chr17	48960729	49960729	1
chr17	54764383	55764383	1
chr17	69827692	70827692	1
chr17	71796099	72796099	1
chr17	7198061	8198061	1
chr17	7198237	8198237	1
chr17	77796114	78796114	1
chr17	79042996	80042996	1
chr17	79696465	80696465	1
chr17	983028	1983028	1
chr18	10241366	11241366	1
chr18	11647613	12647613	1
chr18	14847187	15847187	1
chr18	22274864	23274864	1
chr18	26047606	27047606	1
chr18	26201028	27201028	1
chr18	27167083	28167083	1
chr18	27303884	28303884	1
chr18	30508918	31508918	1
chr18	33136088	34136088	1
chr18	36708410	37708410	1
chr18	38689118	39689118	1
chr18	40863572	41863572	1
chr18	42763871	43763871	1
chr18	47624637	48624637	1
chr18	48911159	49911159	1
chr18	51563975	52563975	1
chr18	54486427	55486427	1
chr18	56400720	57400720	1
chr18	60312818	61312818	1
chr18	69012067	70012067	1
chr18	72164048	73164048	1
chr18	73194660	74194660	1
chr18	75856720	76856720	1
chr18	8222381	9222381	1
chr19	10110161	11110161	1
chr19	10968041	11968041	1
chr19	11587961	12587961	1
chr19	12906366	13906366	1
chr19	14770634	15770634	1
chr19	14933185	15933185	1
chr19	15667863	16667863	1
chr19	21273677	22273677	1
chr19	22013195	23013195	1
chr19	22396609	23396609	1
chr19	23018436	24018436	1
chr19	23054774	24054774	1
chr19	2430468	3430468	1
chr19	24489153	25489153	1
chr19	2903219	3903219	1
chr19	3021086	4021086	1
chr19	32809076	33809076	1
chr19	33972495	34972495	1
chr19	34387840	35387840	1
chr19	350993	1350993	1
chr19	35480570	36480570	1
chr19	39371474	40371474	1
chr19	3988864	4988864	1
chr19	40092414	41092414	1
chr19	50425353	51425353	1
chr19	50667216	51667216	1
chr19	50832467	51832467	1
chr19	5190034	6190034	1
chr19	53180396	54180396	1
chr19	54176356	55176356	1
chr19	54453798	55453798	1
chr19	57558410	58558410	1
chr19	5762068	6762068	1
chr19	58007093	59007093	1
chr19	6335903	7335903	1
chr19	7638890	8638890	1
chr1	110892064	111892064	1
chr1	112727143	113727143	1
chr1	11964699	12964699	1
chr1	121175609	122175609	1
chr1	142578172	143578172	1
chr1	142696185	143696185	1
chr1	142831208	143831208	1
chr1	143471976	144471976	1
chr1	143967619	144967619	1
chr1	144967278	145967278	1
chr1	145439183	146439183	1
chr1	14550029	15550029	1
chr1	146967532	147967532	1
chr1	147009751	148009751	1
chr1	148019751	149019751	1
chr1	148320727	149320727	1
chr1	148556266	149556266	1
chr1	148935805	149935805	1
chr1	150345161	151345161	1
chr1	151252009	152252009	1
chr1	15174920	16174920	1
chr1	154677268	155677268	1
chr1	156295386	157295386	1
chr1	156696529	157696529	1
chr1	156830014	157830014	1
chr1	157005687	158005687	1
chr1	159113416	160113416	1
chr1	160508349	161508349	1
chr1	161716039	162716039	1
chr1	162634308	163634308	1
chr1	163780725	164780725	1
chr1	164017451	165017451	1
chr1	167293777	168293777	1
chr1	167692192	168692192	1
chr1	167950173	168950173	1
chr1	16897367	17897367	1
chr1	169252996	170252996	1
chr1	169657753	170657753	1
chr1	169871385	170871385	1
chr1	172459476	173459476	1
chr1	173958875	174958875	1
chr1	175061228	176061228	1
chr1	180318668	181318668	1
chr1	181013117	182013117	1
chr1	181164042	182164042	1
chr1	183030117	184030117	1
chr1	185960452	186960452	1
chr1	186678556	187678556	1
chr1	189322796	190322796	1
chr1	191331173	192331173	1
chr1	191830922	192830922	1
chr1	192447346	193447346	1
chr1	19547794	20547794	1
chr1	196455452	197455452	1
chr1	198590507	199590507	1
chr1	198752933	199752933	1
chr1	199665458	200665458	1
chr1	200072739	201072739	1
chr1	200112788	201112788	1
chr1	200294525	201294525	1
chr1	202788412	203788412	1
chr1	203171459	204171459	1
chr1	203267633	204267633	1
chr1	203818251	204818251	1
chr1	204365524	205365524	1
chr1	204951016	205951016	1
chr1	206525023	207525023	1
chr1	206909966	207909966	1
chr1	207028414	208028414	1
chr1	208380132	209380132	1
chr1	211622079	212622079	1
chr1	212888724	213888724	1
chr1	213206958	214206958	1
chr1	214452687	215452687	1
chr1	217970609	218970609	1
chr1	218894284	219894284	1
chr1	219888750	220888750	1
chr1	221537668	222537668	1
chr1	222091150	223091150	1
chr1	222092077	223092077	1
chr1	222809872	223809872	1
chr1	224768374	225768374	1
chr1	225299268	226299268	1
chr1	226393530	227393530	1
chr1	227395210	228395210	1
chr1	227536357	228536357	1
chr1	227574159	228574159	1
chr1	232056670	233056670	1
chr1	232087835	233087835	1
chr1	232910724	233910724	1
chr1	234238778	235238778	1
chr1	235393908	236393908	1
chr1	237199349	238199349	1
chr1	239663998	240663998	1
chr1	239797236	240797236	1
chr1	240672029	241672029	1
chr1	241898854	242898854	1
chr1	244492370	245492370	1
chr1	244592608	245592608	1
chr1	245428502	246428502	1
chr1	245435710	246435710	1
chr1	248392217	249392217	1
chr1	28351259	29351259	1
chr1	28776433	29776433	1
chr1	3170050	4170050	1
chr1	32005229	33005229	1
chr1	38661725	39661725	1
chr1	42774527	43774527	1
chr1	45496866	46496866	1
chr1	46766780	47766780	1
chr1	46766891	47766891	1
chr1	47608803	48608803	1
chr1	47681731	48681731	1
chr1	52334670	53334670	1
chr1	53648879	54648879	1
chr1	55908312	56908312	1
chr1	56742686	57742686	1
chr1	59208309	60208309	1
chr1	64927547	65927547	1
chr1	66889992	67889992	1
chr1	73678508	74678508	1
chr1	77723335	78723335	1
chr1	78465371	79465371	1
chr1	7930912	8930912	1
chr1	84357953	85357953	1
chr1	96618138	97618138	1
chr20	10927820	11927820	1
chr20	1746803	2746803	1
chr20	22031412	23031412	1
chr20	22400605	23400605	1
chr20	30107665	31107665	1
chr20	30737340	31737340	1
chr20	32800794	33800794	1
chr20	32814088	33814088	1
chr20	33893131	34893131	1
chr20	34646534	35646534	1
chr20	35318141	36318141	1
chr20	36481286	37481286	1
chr20	4062114	5062114	1
chr20	40752494	41752494	1
chr20	44012319	45012319	1
chr20	44644075	45644075	1
chr20	46521224	47521224	1
chr20	46832439	47832439	1
chr20	48520230	49520230	1
chr20	50259264	51259264	1
chr20	51547745	52547745	1
chr20	51654731	52654731	1
chr20	54429644	55429644	1
chr20	59220287	60220287	1
chr20	60512729	61512729	1
chr20	6315627	7315627	1
chr20	9979246	10979246	1
chr21	10132361	11132361	1
chr21	10600825	11600825	1
chr21	10738539	11738539	1
chr21	10972549	11972549	1
chr21	21959129	22959129	1
chr21	24377093	25377093	1
chr21	26088127	27088127	1
chr21	27376615	28376615	1
chr21	28323998	29323998	1
chr21	31017978	32017978	1
chr21	31296658	32296658	1
chr21	32625505	33625505	1
chr21	35888009	36888009	1
chr21	38799237	39799237	1
chr21	40947842	41947842	1
chr21	41755267	42755267	1
chr21	41880661	42880661	1
chr21	43264860	44264860	1
chr21	9829528	10829528	1
chr22	20814897	21814897	1
chr22	23323765	24323765	1
chr22	28782262	29782262	1
chr22	29219599	30219599	1
chr22	32151903	33151903	1
chr22	32543888	33543888	1
chr22	39042275	40042275	1
chr22	44237654	45237654	1
chr22	46136615	47136615	1
chr2	100335594	101335594	1
chr2	101489730	102489730	1
chr2	101650618	102650618	1
chr2	103760537	104760537	1
chr2	104517177	105517177	1
chr2	108100715	109100715	1
chr2	110401343	111401343	1
chr2	112280682	113280682	1
chr2	114533837	115533837	1
chr2	12018341	13018341	1
chr2	120659109	121659109	1
chr2	12263163	13263163	1
chr2	123775042	124775042	1
chr2	126570560	127570560	1
chr2	129340131	130340131	1
chr2	131983157	132983157	1
chr2	132291685	133291685	1
chr2	132955890	133955890	1
chr2	133191377	134191377	1
chr2	133615099	134615099	1
chr2	139142677	140142677	1
chr2	140096797	141096797	1
chr2	142469573	143469573	1
chr2	143571749	144571749	1
chr2	145272086	146272086	1
chr2	153069474	154069474	1
chr2	153162031	154162031	1
chr2	153779996	154779996	1
chr2	154334121	155334121	1
chr2	154364175	155364175	1
chr2	154987490	155987490	1
chr2	156745875	157745875	1
chr2	158711810	159711810	1
chr2	159757831	160757831	1
chr2	160160350	161160350	1
chr2	171331253	172331253	1
chr2	172620808	173620808	1
chr2	173574687	174574687	1
chr2	180190595	181190595	1
chr2	18911082	19911082	1
chr2	193088718	194088718	1
chr2	193903121	194903121	1
chr2	194398789	195398789	1
chr2	196323185	197323185	1
chr2	196432244	197432244	1
chr2	196435296	197435296	1
chr2	203129650	204129650	1
chr2	208029212	209029212	1
chr2	212548380	213548380	1
chr2	215934294	216934294	1
chr2	216814490	217814490	1
chr2	220207905	221207905	1
chr2	223250279	224250279	1
chr2	227539297	228539297	1
chr2	229114535	230114535	1
chr2	233113207	234113207	1
chr2	2799583	3799583	1
chr2	29046606	30046606	1
chr2	33113468	34113468	1
chr2	34044858	35044858	1
chr2	34973667	35973667	1
chr2	37260944	38260944	1
chr2	37503614	38503614	1
chr2	37977266	38977266	1
chr2	39296331	40296331	1
chr2	42751443	43751443	1
chr2	42889889	43889889	1
chr2	49124903	50124903	1
chr2	54262420	55262420	1
chr2	54491190	55491190	1
chr2	54995057	55995057	1
chr2	58820056	59820056	1
chr2	59820365	60820365	1
chr2	61525672	62525672	1
chr2	62248550	63248550	1
chr2	6613994	7613994	1
chr2	71019889	72019889	1
chr2	74061354	75061354	1
chr2	80530105	81530105	1
chr2	82101699	83101699	1
chr2	84681474	85681474	1
chr2	87648369	88648369	1
chr2	96045758	97045758	1
chr2	98300516	99300516	1
chr3	101915963	102915963	1
chr3	10224405	11224405	1
chr3	102686375	103686375	1
chr3	103859603	104859603	1
chr3	104764102	105764102	1
chr3	10540336	11540336	1
chr3	106087824	107087824	1
chr3	108941135	109941135	1
chr3	109581988	110581988	1
chr3	111670954	112670954	1
chr3	113575707	114575707	1
chr3	117770051	118770051	1
chr3	118992419	119992419	1
chr3	122452274	123452274	1
chr3	123258758	124258758	1
chr3	128883053	129883053	1
chr3	128925837	129925837	1
chr3	130292428	131292428	1
chr3	134723909	135723909	1
chr3	135419552	136419552	1
chr3	139301032	140301032	1
chr3	147226598	148226598	1
chr3	152596920	153596920	1
chr3	154425063	155425063	1
chr3	155434631	156434631	1
chr3	155571114	156571114	1
chr3	155739907	156739907	1
chr3	156617108	157617108	1
chr3	163723927	164723927	1
chr3	16582513	17582513	1
chr3	169763196	170763196	1
chr3	173819654	174819654	1
chr3	175419818	176419818	1
chr3	17572033	18572033	1
chr3	178028055	179028055	1
chr3	178669344	179669344	1
chr3	178721909	179721909	1
chr3	183476622	184476622	1
chr3	184484607	185484607	1
chr3	186555001	187555001	1
chr3	193438696	194438696	1
chr3	196402067	197402067	1
chr3	22866299	23866299	1
chr3	22907206	23907206	1
chr3	25589114	26589114	1
chr3	26188664	27188664	1
chr3	28014231	29014231	1
chr3	28920553	29920553	1
chr3	31420489	32420489	1
chr3	31553558	32553558	1
chr3	33469555	34469555	1
chr3	33747954	34747954	1
chr3	35789915	36789915	1
chr3	42773762	43773762	1
chr3	47778892	48778892	1
chr3	49015907	50015907	1
chr3	49403040	50403040	1
chr3	49540089	50540089	1
chr3	54570770	55570770	1
chr3	60440149	61440149	1
chr3	60520193	61520193	1
chr3	68960957	69960957	1
chr3	69291629	70291629	1
chr3	69964048	70964048	1
chr3	7135386	8135386	1
chr3	73377263	74377263	1
chr3	81100176	82100176	1
chr3	82237595	83237595	1
chr3	83574097	84574097	1
chr3	83599213	84599213	1
chr3	86454296	87454296	1
chr3	89118740	90118740	1
chr3	93558255	94558255	1
chr3	95204856	96204856	1
chr4	104927983	105927983	1
chr4	105802312	106802312	1
chr4	107560104	108560104	1
chr4	11125384	12125384	1
chr4	112049658	113049658	1
chr4	12246460	13246460	1
chr4	125608346	126608346	1
chr4	126951992	127951992	1
chr4	127818661	128818661	1
chr4	128085639	129085639	1
chr4	128545965	129545965	1
chr4	12865203	13865203	1
chr4	129118340	130118340	1
chr4	13113760	14113760	1
chr4	13375251	14375251	1
chr4	133948066	134948066	1
chr4	135997251	136997251	1
chr4	136075748	137075748	1
chr4	139891924	140891924	1
chr4	147979537	148979537	1
chr4	149417868	150417868	1
chr4	149652177	150652177	1
chr4	150235173	151235173	1
chr4	153149660	154149660	1
chr4	15672562	16672562	1
chr4	156983460	157983460	1
chr4	157173184	158173184	1
chr4	163818255	164818255	1
chr4	167586428	168586428	1
chr4	175431532	176431532	1
chr4	178750746	179750746	1
chr4	181761639	182761639	1
chr4	182907997	183907997	1
chr4	184616118	185616118	1
chr4	184668560	185668560	1
chr4	187738688	188738688	1
chr4	19030529	20030529	1
chr4	20145217	21145217	1
chr4	21397771	22397771	1
chr4	23224452	24224452	1
chr4	25557517	26557517	1
chr4	27044142	28044142	1
chr4	27189047	28189047	1
chr4	31121032	32121032	1
chr4	31286708	32286708	1
chr4	32640266	33640266	1
chr4	36421725	37421725	1
chr4	37036204	38036204	1
chr4	39033510	40033510	1
chr4	39033517	40033517	1
chr4	40079091	41079091	1
chr4	40339679	41339679	1
chr4	4404098	5404098	1
chr4	45069412	46069412	1
chr4	45643881	46643881	1
chr4	46187564	47187564	1
chr4	46217775	47217775	1
chr4	47180542	48180542	1
chr4	55431391	56431391	1
chr4	59413928	60413928	1
chr4	6070602	7070602	1
chr4	60948080	61948080	1
chr4	6215502	7215502	1
chr4	62570636	63570636	1
chr4	67861574	68861574	1
chr4	67876174	68876174	1
chr4	71767159	72767159	1
chr4	76136880	77136880	1
chr4	76715852	77715852	1
chr4	77240608	78240608	1
chr4	84362943	85362943	1
chr4	88066979	89066979	1
chr4	94108434	95108434	1
chr4	94549932	95549932	1
chr4	94906063	95906063	1
chr4	9577905	10577905	1
chr4	9735917	10735917	1
chr4	97518021	98518021	1
chr4	99129183	100129183	1
chr5	104505550	105505550	1
chr5	105817934	106817934	1
chr5	106506043	107506043	1
chr5	10691613	11691613	1
chr5	111471736	112471736	1
chr5	111728055	112728055	1
chr5	113715174	114715174	1
chr5	114455408	115455408	1
chr5	120837863	121837863	1
chr5	12131924	13131924	1
chr5	124601516	125601516	1
chr5	125355812	126355812	1
chr5	128414962	129414962	1
chr5	130997696	131997696	1
chr5	131029024	132029024	1
chr5	132455662	133455662	1
chr5	133981370	134981370	1
chr5	138082993	139082993	1
chr5	138530873	139530873	1
chr5	139758614	140758614	1
chr5	139943347	140943347	1
chr5	143047893	144047893	1
chr5	147597294	148597294	1
chr5	152195587	153195587	1
chr5	152823222	153823222	1
chr5	159727571	160727571	1
chr5	164198928	165198928	1
chr5	164432449	165432449	1
chr5	165622474	166622474	1
chr5	1674226	2674226	1
chr5	172420231	173420231	1
chr5	173643797	174643797	1
chr5	17421247	18421247	1
chr5	175881751	176881751	1
chr5	19254508	20254508	1
chr5	20274751	21274751	1
chr5	20729183	21729183	1
chr5	20748011	21748011	1
chr5	21038355	22038355	1
chr5	21820200	22820200	1
chr5	24419605	25419605	1
chr5	28810869	29810869	1
chr5	30550611	31550611	1
chr5	32076415	33076415	1
chr5	32485918	33485918	1
chr5	36461277	37461277	1
chr5	37365826	38365826	1
chr5	3758448	4758448	1
chr5	43159989	44159989	1
chr5	45932995	46932995	1
chr5	50585815	51585815	1
chr5	61165853	62165853	1
chr5	6448939	7448939	1
chr5	67437903	68437903	1
chr5	69248336	70248336	1
chr5	69613275	70613275	1
chr5	70695693	71695693	1
chr5	73836780	74836780	1
chr5	75519306	76519306	1
chr5	76541686	77541686	1
chr5	77674818	78674818	1
chr5	78379859	79379859	1
chr5	78991486	79991486	1
chr5	83557367	84557367	1
chr5	84867610	85867610	1
chr5	84916550	85916550	1
chr5	85516460	86516460	1
chr5	89006794	90006794	1
chr5	89896175	90896175	1
chr5	92437903	93437903	1
chr5	92451551	93451551	1
chr5	9272878	10272878	1
chr5	99499784	100499784	1
chr5	99679838	100679838	1
chr6	106379969	107379969	1
chr6	110066715	111066715	1
chr6	110927880	111927880	1
chr6	114342766	115342766	1
chr6	116569780	117569780	1
chr6	119946153	120946153	1
chr6	122550870	123550870	1
chr6	123095525	124095525	1
chr6	129119940	130119940	1
chr6	134687770	135687770	1
chr6	136162856	137162856	1
chr6	141940482	142940482	1
chr6	144077701	145077701	1
chr6	144461391	145461391	1
chr6	145093152	146093152	1
chr6	145212844	146212844	1
chr6	147389157	148389157	1
chr6	151702985	152702985	1
chr6	152475205	153475205	1
chr6	155669623	156669623	1
chr6	161141442	162141442	1
chr6	161300147	162300147	1
chr6	163050455	164050455	1
chr6	163776531	164776531	1
chr6	166659810	167659810	1
chr6	17201810	18201810	1
chr6	1792603	2792603	1
chr6	19184821	20184821	1
chr6	19411795	20411795	1
chr6	19829174	20829174	1
chr6	239090	1239090	1
chr6	25503612	26503612	1
chr6	26080820	27080820	1
chr6	30450317	31450317	1
chr6	31241547	32241547	1
chr6	31942474	32942474	1
chr6	35318838	36318838	1
chr6	38864377	39864377	1
chr6	43576582	44576582	1
chr6	48702039	49702039	1
chr6	50813927	51813927	1
chr6	53789684	54789684	1
chr6	54349863	55349863	1
chr6	5444713	6444713	1
chr6	6277568	7277568	1
chr6	64281403	65281403	1
chr6	64580166	65580166	1
chr6	6507642	7507642	1
chr6	66949557	67949557	1
chr6	67127743	68127743	1
chr6	70128432	71128432	1
chr6	71189518	72189518	1
chr6	73744586	74744586	1
chr6	79109788	80109788	1
chr6	81742164	82742164	1
chr6	87720046	88720046	1
chr6	8835757	9835757	1
chr6	91428027	92428027	1
chr6	92111709	93111709	1
chr6	9269739	10269739	1
chr6	96990284	97990284	1
chr7	100702067	101702067	1
chr7	101081370	102081370	1
chr7	102084405	103084405	1
chr7	102184574	103184574	1
chr7	10237463	11237463	1
chr7	104306984	105306984	1
chr7	109221330	110221330	1
chr7	109995903	110995903	1
chr7	110370285	111370285	1
chr7	116530595	117530595	1
chr7	118592439	119592439	1
chr7	118999879	119999879	1
chr7	1190435	2190435	1
chr7	120432806	121432806	1
chr7	120834097	121834097	1
chr7	120881401	121881401	1
chr7	121775850	122775850	1
chr7	122167775	123167775	1
chr7	122567011	123567011	1
chr7	1226737	2226737	1
chr7	123285885	124285885	1
chr7	124328504	125328504	1
chr7	124403226	125403226	1
chr7	125780808	126780808	1
chr7	129137432	130137432	1
chr7	130877101	131877101	1
chr7	133087073	134087073	1
chr7	134302421	135302421	1
chr7	137917379	138917379	1
chr7	137928998	138928998	1
chr7	140348645	141348645	1
chr7	140940811	141940811	1
chr7	141002197	142002197	1
chr7	146508301	147508301	1
chr7	148102695	149102695	1
chr7	154045351	155045351	1
chr7	154385753	155385753	1
chr7	15512991	16512991	1
chr7	155517918	156517918	1
chr7	156794211	157794211	1
chr7	158814358	159814358	1
chr7	17178183	18178183	1
chr7	19798552	20798552	1
chr7	30427695	31427695	1
chr7	36180804	37180804	1
chr7	36602753	37602753	1
chr7	38241300	39241300	1
chr7	38954133	39954133	1
chr7	42431839	43431839	1
chr7	43375743	44375743	1
chr7	45620474	46620474	1
chr7	46122396	47122396	1
chr7	52579138	53579138	1
chr7	53529094	54529094	1
chr7	53992837	54992837	1
chr7	54878872	55878872	1
chr7	57425099	58425099	1
chr7	5832506	6832506	1
chr7	6131826	7131826	1
chr7	63790844	64790844	1
chr7	65568442	66568442	1
chr7	66412201	67412201	1
chr7	67139780	68139780	1
chr7	68828019	69828019	1
chr7	68968323	69968323	1
chr7	71738124	72738124	1
chr7	72037732	73037732	1
chr7	72097398	73097398	1
chr7	72386426	73386426	1
chr7	72725090	73725090	1
chr7	72840460	73840460	1
chr7	73250881	74250881	1
chr7	73333199	74333199	1
chr7	73466821	74466821	1
chr7	73779378	74779378	1
chr7	74334064	75334064	1
chr7	74652174	75652174	1
chr7	75893195	76893195	1
chr7	76336283	77336283	1
chr7	76384059	77384059	1
chr7	76458609	77458609	1
chr7	77051344	78051344	1
chr7	7873669	8873669	1
chr7	79741424	80741424	1
chr7	80801988	81801988	1
chr7	81862177	82862177	1
chr7	82307434	83307434	1
chr7	82888119	83888119	1
chr7	83078092	84078092	1
chr7	83698248	84698248	1
chr7	86827032	87827032	1
chr7	88732362	89732362	1
chr7	8926107	9926107	1
chr7	91687420	92687420	1
chr7	94703793	95703793	1
chr8	102000912	103000912	1
chr8	106117409	107117409	1
chr8	112818851	113818851	1
chr8	118141409	119141409	1
chr8	12062786	13062786	1
chr8	120946824	121946824	1
chr8	120998066	121998066	1
chr8	121760231	122760231	1
chr8	122015440	123015440	1
chr8	125912386	126912386	1
chr8	129232643	130232643	1
chr8	129250159	130250159	1
chr8	131590870	132590870	1
chr8	133513623	134513623	1
chr8	134130588	135130588	1
chr8	134552971	135552971	1
chr8	136809052	137809052	1
chr8	139290823	140290823	1
chr8	14080301	15080301	1
chr8	140847681	141847681	1
chr8	141030347	142030347	1
chr8	141827417	142827417	1
chr8	142136948	143136948	1
chr8	144227165	145227165	1
chr8	144764827	145764827	1
chr8	144859709	145859709	1
chr8	146038927	147038927	1
chr8	16897424	17897424	1
chr8	16949481	17949481	1
chr8	18975932	19975932	1
chr8	1926200	2926200	1
chr8	19470457	20470457	1
chr8	19957881	20957881	1
chr8	21215179	22215179	1
chr8	3674774	4674774	1
chr8	41754081	42754081	1
chr8	51408130	52408130	1
chr8	54204341	55204341	1
chr8	54564166	55564166	1
chr8	5546000	6546000	1
chr8	60055338	61055338	1
chr8	60503480	61503480	1
chr8	67814947	68814947	1
chr8	70125518	71125518	1
chr8	78170764	79170764	1
chr8	81245437	82245437	1
chr8	89064139	90064139	1
chr8	92531054	93531054	1
chr9	110063402	111063402	1
chr9	112631355	113631355	1
chr9	113062245	114062245	1
chr9	113062257	114062257	1
chr9	113368574	114368574	1
chr9	114692767	115692767	1
chr9	114981088	115981088	1
chr9	115734778	116734778	1
chr9	116848357	117848357	1
chr9	117442400	118442400	1
chr9	120386370	121386370	1
chr9	125789406	126789406	1
chr9	128090484	129090484	1
chr9	13292175	14292175	1
chr9	135403716	136403716	1
chr9	19348856	20348856	1
chr9	21582003	22582003	1
chr9	26217480	27217480	1
chr9	26801393	27801393	1
chr9	27693647	28693647	1
chr9	28267262	29267262	1
chr9	29668552	30668552	1
chr9	30205669	31205669	1
chr9	3208854	4208854	1
chr9	38415358	39415358	1
chr9	38631965	39631965	1
chr9	40370593	41370593	1
chr9	40537660	41537660	1
chr9	42159808	43159808	1
chr9	42467758	43467758	1
chr9	43782104	44782104	1
chr9	45610835	46610835	1
chr9	45887182	46887182	1
chr9	513940	1513940	1
chr9	68667060	69667060	1
chr9	7029310	8029310	1
chr9	70912025	71912025	1
chr9	71575350	72575350	1
chr9	72530156	73530156	1
chr9	73577320	74577320	1
chr9	75878026	76878026	1
chr9	76118964	77118964	1
chr9	77443182	78443182	1
chr9	78454695	79454695	1
chr9	7967929	8967929	1
chr9	81722137	82722137	1
chr9	82690018	83690018	1
chr9	86070669	87070669	1
chr9	94333997	95333997	1
chr9	94686619	95686619	1
chr9	95341357	96341357	1
chr9	96097006	97097006	1
chr9	96238957	97238957	1
chr9	96878725	97878725	1
chr9	97211127	98211127	1
chr9	9814473	10814473	1
chrX	103700939	104700939	1
chrX	107958478	108958478	1
chrX	109635522	110635522	1
chrX	112949723	113949723	1
chrX	11688548	12688548	1
chrX	11862118	12862118	1
chrX	13002746	14002746	1
chrX	137618030	138618030	1
chrX	139911673	140911673	1
chrX	146675817	147675817	1
chrX	152813460	153813460	1
chrX	22793314	23793314	1
chrX	28847694	29847694	1
chrX	29719094	30719094	1
chrX	32862990	33862990	1
chrX	3307000	4307000	1
chrX	3310044	4310044	1
chrX	3525940	4525940	1
chrX	44452255	45452255	1
chrX	73085999	74085999	1
chrX	73538875	74538875	1
chrX	7509963	8509963	1
chrX	78097912	79097912	1
chrX	7893689	8893689	1
chrX	83308213	84308213	1
chrX	84193090	85193090	1
chrX	89388632	90388632	1
chrX	92438696	93438696	1
chrX	95903526	96903526	1
chrX	98563813	99563813	1
chrY	13256434	14256434	1
chrY	58975085	59975085	1
chr10	111785603	112785603	0
chr10	115090010	116090010	0
chr10	61600405	62600405	0
chr10	6680578	7680578	0
chr11	117948749	118948749	0
chr11	97409612	98409612	0
chr12	127106577	128106577	0
chr13	109512079	110512079	0
chr14	46040977	47040977	0
chr16	30319981	31319981	0
chr17	22180677	23180677	0
chr17	78511581	79511581	0
chr18	68798238	69798238	0
chr1	119226772	120226772	0
chr1	13116168	14116168	0
chr1	208990238	209990238	0
chr1	240203607	241203607	0
chr20	42151123	43151123	0
chr21	36177977	37177977	0
chr21	47677368	48677368	0
chr22	19178129	20178129	0
chr22	24788601	25788601	0
chr22	46781590	47781590	0
chr2	12263152	13263152	0
chr2	126786359	127786359	0
chr2	183607470	184607470	0
chr3	109059677	110059677	0
chr3	36795933	37795933	0
chr3	36795933	37795933	0
chr3	72500939	73500939	0
chr4	114845210	115845210	0
chr4	116467305	117467305	0
chr4	14299322	15299322	0
chr4	155566147	156566147	0
chr4	71382016	72382016	0
chr4	85367726	86367726	0
chr4	86795957	87795957	0
chr4	94208135	95208135	0
chr5	83359329	84359329	0
chr6	103471934	104471934	0
chr6	67492570	68492570	0
chr7	102001972	103001972	0
chr7	134396433	135396433	0
chr7	134491058	135491058	0
chr7	136684963	137684963	0
chr7	142494029	143494029	0
chr7	156964381	157964381	0
chr7	38241302	39241302	0
chr7	45375925	46375925	0
chr7	8925400	9925400	0
chr8	110591984	111591984	0
chr9	100904988	101904988	0
chr9	87090975	88090975	0
chrX	36787808	37787808	0
