chr10	10834291	11834291	1
chr10	117988492	118988492	1
chr10	3590751	4590751	1
chr10	78504094	79504094	1
chr11	104078927	105078927	1
chr11	105607652	106607652	1
chr11	113470988	114470988	1
chr11	131700304	132700304	1
chr11	132476086	133476086	1
chr11	40810643	41810643	1
chr11	67797580	68797580	1
chr11	84099361	85099361	1
chr11	9458407	10458407	1
chr12	105644077	106644077	1
chr12	123950524	124950524	1
chr12	131573379	132573379	1
chr12	17596385	18596385	1
chr12	20472429	21472429	1
chr12	22328863	23328863	1
chr12	27797856	28797856	1
chr12	73394161	74394161	1
chr12	77656524	78656524	1
chr12	79024328	80024328	1
chr12	82133200	83133200	1
chr13	104741643	105741643	1
chr13	33282460	34282460	1
chr13	56852384	57852384	1
chr13	82247735	83247735	1
chr13	82689546	83689546	1
chr13	90273810	91273810	1
chr14	106212095	107212095	1
chr14	106212765	107212765	1
chr14	106325133	107325133	1
chr14	106330102	107330102	1
chr14	35856708	36856708	1
chr14	35871403	36871403	1
chr14	45006639	46006639	1
chr14	46095059	47095059	1
chr14	48105987	49105987	1
chr14	89486450	90486450	1
chr15	34621963	35621963	1
chr15	69244537	70244537	1
chr15	87889564	88889564	1
chr16	12677824	13677824	1
chr16	21640543	22640543	1
chr16	61218301	62218301	1
chr16	65043136	66043136	1
chr16	71327921	72327921	1
chr16	77969944	78969944	1
chr17	1372412	2372412	1
chr17	29031569	30031569	1
chr17	50282242	51282242	1
chr18	37923514	38923514	1
chr18	51284377	52284377	1
chr18	62884364	63884364	1
chr18	63276521	64276521	1
chr18	68790479	69790479	1
chr18	70961041	71961041	1
chr18	8365616	9365616	1
chr18	9331245	10331245	1
chr19	11362192	12362192	1
chr19	31025955	32025955	1
chr19	42811899	43811899	1
chr19	52273322	53273322	1
chr19	54818525	55818525	1
chr1	102025801	103025801	1
chr1	106424423	107424423	1
chr1	109447077	110447077	1
chr1	148769573	149769573	1
chr1	167139007	168139007	1
chr1	167207003	168207003	1
chr1	169024785	170024785	1
chr1	18277802	19277802	1
chr1	217140194	218140194	1
chr1	217952977	218952977	1
chr1	244172859	245172859	1
chr1	247887498	248887498	1
chr1	26748146	27748146	1
chr1	58708913	59708913	1
chr1	79906896	80906896	1
chr1	8286141	9286141	1
chr20	21469795	22469795	1
chr21	24508095	25508095	1
chr21	25072293	26072293	1
chr21	38541329	39541329	1
chr21	39114734	40114734	1
chr22	23223687	24223687	1
chr2	119820249	120820249	1
chr2	126163087	127163087	1
chr2	139375932	140375932	1
chr2	143108246	144108246	1
chr2	152609292	153609292	1
chr2	152988749	153988749	1
chr2	158160233	159160233	1
chr2	164078316	165078316	1
chr2	169714277	170714277	1
chr2	169767225	170767225	1
chr2	172696600	173696600	1
chr2	187132083	188132083	1
chr2	193900691	194900691	1
chr2	202395144	203395144	1
chr2	206203499	207203499	1
chr2	23275220	24275220	1
chr2	33499194	34499194	1
chr2	49194808	50194808	1
chr2	49885062	50885062	1
chr2	60385637	61385637	1
chr2	69020693	70020693	1
chr2	69973175	70973175	1
chr2	76579811	77579811	1
chr2	80445725	81445725	1
chr2	81235842	82235842	1
chr2	83054995	84054995	1
chr2	89159462	90159462	1
chr3	1049121	2049121	1
chr3	109205165	110205165	1
chr3	11110704	12110704	1
chr3	119908661	120908661	1
chr3	179473549	180473549	1
chr3	194206248	195206248	1
chr3	22524524	23524524	1
chr3	25982830	26982830	1
chr3	55709931	56709931	1
chr3	59830563	60830563	1
chr3	8040949	9040949	1
chr3	84614287	85614287	1
chr3	86074593	87074593	1
chr3	95107631	96107631	1
chr3	96446003	97446003	1
chr3	97039870	98039870	1
chr4	111940160	112940160	1
chr4	113581222	114581222	1
chr4	114830297	115830297	1
chr4	118014962	119014962	1
chr4	123812190	124812190	1
chr4	127436069	128436069	1
chr4	134788725	135788725	1
chr4	142773754	143773754	1
chr4	163087799	164087799	1
chr4	172006478	173006478	1
chr4	174676903	175676903	1
chr4	180469751	181469751	1
chr4	181378194	182378194	1
chr4	31120018	32120018	1
chr4	3326359	4326359	1
chr4	34583824	35583824	1
chr4	39233950	40233950	1
chr4	59346394	60346394	1
chr4	63291867	64291867	1
chr4	70238893	71238893	1
chr4	72552418	73552418	1
chr4	85650383	86650383	1
chr4	86101959	87101959	1
chr4	89341352	90341352	1
chr4	92698872	93698872	1
chr5	109579172	110579172	1
chr5	131457993	132457993	1
chr5	133038637	134038637	1
chr5	138249938	139249938	1
chr5	150342855	151342855	1
chr5	155465770	156465770	1
chr5	165206612	166206612	1
chr5	20163549	21163549	1
chr5	22496036	23496036	1
chr5	28184786	29184786	1
chr5	34098955	35098955	1
chr5	53451737	54451737	1
chr5	61711540	62711540	1
chr5	63879723	64879723	1
chr5	96039575	97039575	1
chr5	97709919	98709919	1
chr5	99654292	100654292	1
chr6	100844835	101844835	1
chr6	109348679	110348679	1
chr6	128564633	129564633	1
chr6	133766193	134766193	1
chr6	134636322	135636322	1
chr6	139878084	140878084	1
chr6	143286555	144286555	1
chr6	161897812	162897812	1
chr6	22158317	23158317	1
chr6	35513933	36513933	1
chr6	57316529	58316529	1
chr6	78945109	79945109	1
chr6	80247735	81247735	1
chr6	89756153	90756153	1
chr6	96500838	97500838	1
chr7	111566925	112566925	1
chr7	113920482	114920482	1
chr7	121574056	122574056	1
chr7	126552092	127552092	1
chr7	13998737	14998737	1
chr7	14186852	15186852	1
chr7	22631406	23631406	1
chr7	2309173	3309173	1
chr7	30640191	31640191	1
chr7	55229854	56229854	1
chr7	55583446	56583446	1
chr7	55853566	56853566	1
chr7	72158906	73158906	1
chr7	79446011	80446011	1
chr7	92652525	93652525	1
chr8	106812327	107812327	1
chr8	116925751	117925751	1
chr8	121666279	122666279	1
chr8	126311097	127311097	1
chr8	13294300	14294300	1
chr8	137594245	138594245	1
chr8	25032830	26032830	1
chr8	35602267	36602267	1
chr8	3674774	4674774	1
chr8	42782385	43782385	1
chr8	42862401	43862401	1
chr8	4886780	5886780	1
chr8	65243152	66243152	1
chr9	11542573	12542573	1
chr9	124994991	125994991	1
chr9	16401921	17401921	1
chr9	23647537	24647537	1
chr9	23856426	24856426	1
chr9	28301375	29301375	1
chr9	28529663	29529663	1
chr9	29666173	30666173	1
chr9	72542676	73542676	1
chr9	75903676	76903676	1
chr9	81856745	82856745	1
chrX	121243595	122243595	1
chrX	140037751	141037751	1
chrX	147029747	148029747	1
chrX	5636153	6636153	1
chrX	93393553	94393553	1
chr11	106364922	107364922	0
chr13	55135386	56135386	0
chr2	143538108	144538108	0
chr2	184398376	185398376	0
chr5	85754080	86754080	0
chr9	102938652	103938652	0
