chr10	106048391	107048391	1
chr10	107354509	108354509	1
chr10	10886092	11886092	1
chr10	109064383	110064383	1
chr10	113052314	114052314	1
chr10	116944030	117944030	1
chr10	131136208	132136208	1
chr10	15372700	16372700	1
chr10	16249087	17249087	1
chr10	21769606	22769606	1
chr10	26013378	27013378	1
chr10	301224	1301224	1
chr10	33510801	34510801	1
chr10	36532396	37532396	1
chr10	36743652	37743652	1
chr10	38288352	39288352	1
chr10	4017844	5017844	1
chr10	58461259	59461259	1
chr10	63570402	64570402	1
chr10	64141257	65141257	1
chr10	65522845	66522845	1
chr10	67973391	68973391	1
chr10	77586419	78586419	1
chr10	89130378	90130378	1
chr10	98665848	99665848	1
chr11	102646009	103646009	1
chr11	102699843	103699843	1
chr11	103224908	104224908	1
chr11	104039374	105039374	1
chr11	104704352	105704352	1
chr11	105984384	106984384	1
chr11	107033790	108033790	1
chr11	112020545	113020545	1
chr11	12370242	13370242	1
chr11	123728967	124728967	1
chr11	124135659	125135659	1
chr11	12724052	13724052	1
chr11	127975111	128975111	1
chr11	128534048	129534048	1
chr11	132744433	133744433	1
chr11	16224398	17224398	1
chr11	19115765	20115765	1
chr11	28001716	29001716	1
chr11	30353195	31353195	1
chr11	31833048	32833048	1
chr11	35597887	36597887	1
chr11	47058152	48058152	1
chr11	55922514	56922514	1
chr11	69562117	70562117	1
chr11	74600818	75600818	1
chr11	75129661	76129661	1
chr11	80226436	81226436	1
chr11	81836812	82836812	1
chr11	85720011	86720011	1
chr11	88573435	89573435	1
chr11	88865662	89865662	1
chr11	9002814	10002814	1
chr11	91794906	92794906	1
chr11	9887256	10887256	1
chr11	99316776	100316776	1
chr12	111316868	112316868	1
chr12	115672595	116672595	1
chr12	130395385	131395385	1
chr12	13626325	14626325	1
chr12	16783987	17783987	1
chr12	17674773	18674773	1
chr12	19170997	20170997	1
chr12	26863906	27863906	1
chr12	39273647	40273647	1
chr12	4327984	5327984	1
chr12	65485102	66485102	1
chr12	70522033	71522033	1
chr12	71388404	72388404	1
chr12	76029366	77029366	1
chr12	78360340	79360340	1
chr12	82443755	83443755	1
chr12	84772051	85772051	1
chr12	8517618	9517618	1
chr12	91557436	92557436	1
chr13	100817906	101817906	1
chr13	27627948	28627948	1
chr13	32312858	33312858	1
chr13	35308487	36308487	1
chr13	39078381	40078381	1
chr13	39318249	40318249	1
chr13	44369747	45369747	1
chr13	45299448	46299448	1
chr13	46496964	47496964	1
chr13	57421336	58421336	1
chr13	68936615	69936615	1
chr13	71040499	72040499	1
chr13	73789844	74789844	1
chr14	106042450	107042450	1
chr14	106210613	107210613	1
chr14	106238954	107238954	1
chr14	106371043	107371043	1
chr14	106573541	107573541	1
chr14	33110499	34110499	1
chr14	36916659	37916659	1
chr14	45087106	46087106	1
chr14	47958155	48958155	1
chr14	50961349	51961349	1
chr14	58648942	59648942	1
chr14	85780178	86780178	1
chr14	99251357	100251357	1
chr15	26892321	27892321	1
chr15	31094209	32094209	1
chr15	39002862	40002862	1
chr15	39284434	40284434	1
chr15	51134694	52134694	1
chr15	55104714	56104714	1
chr15	55508143	56508143	1
chr15	60292989	61292989	1
chr15	66839379	67839379	1
chr15	69168097	70168097	1
chr15	75144857	76144857	1
chr15	76568185	77568185	1
chr15	77710425	78710425	1
chr15	86666877	87666877	1
chr15	97861953	98861953	1
chr16	18093148	19093148	1
chr16	19788511	20788511	1
chr16	26331150	27331150	1
chr16	26661619	27661619	1
chr16	35106807	36106807	1
chr16	52115874	53115874	1
chr16	5405289	6405289	1
chr16	68749335	69749335	1
chr16	7095599	8095599	1
chr16	71941662	72941662	1
chr16	72693346	73693346	1
chr16	7366135	8366135	1
chr16	78060286	79060286	1
chr17	1297730	2297730	1
chr17	13019067	14019067	1
chr17	15826513	16826513	1
chr17	54290202	55290202	1
chr17	57615395	58615395	1
chr17	67362618	68362618	1
chr17	69208640	70208640	1
chr17	70974221	71974221	1
chr18	11899819	12899819	1
chr18	14557897	15557897	1
chr18	32135239	33135239	1
chr18	38353654	39353654	1
chr18	43556771	44556771	1
chr18	47999204	48999204	1
chr18	57783447	58783447	1
chr18	62870831	63870831	1
chr18	69259861	70259861	1
chr19	17171540	18171540	1
chr19	27939178	28939178	1
chr19	3041009	4041009	1
chr19	35662098	36662098	1
chr19	39951809	40951809	1
chr19	44181040	45181040	1
chr19	51907631	52907631	1
chr19	56578811	57578811	1
chr19	56966702	57966702	1
chr1	105732462	106732462	1
chr1	106075996	107075996	1
chr1	106774531	107774531	1
chr1	114296195	115296195	1
chr1	115641877	116641877	1
chr1	116648343	117648343	1
chr1	1270422	2270422	1
chr1	157319660	158319660	1
chr1	164302306	165302306	1
chr1	167900121	168900121	1
chr1	168706751	169706751	1
chr1	169336852	170336852	1
chr1	178280960	179280960	1
chr1	184215661	185215661	1
chr1	195529068	196529068	1
chr1	200466753	201466753	1
chr1	202761107	203761107	1
chr1	211763026	212763026	1
chr1	214722209	215722209	1
chr1	216041235	217041235	1
chr1	218273989	219273989	1
chr1	230669099	231669099	1
chr1	231595019	232595019	1
chr1	237265138	238265138	1
chr1	246073866	247073866	1
chr1	25091333	26091333	1
chr1	34412112	35412112	1
chr1	50021369	51021369	1
chr1	55531613	56531613	1
chr1	79645263	80645263	1
chr20	15711027	16711027	1
chr20	31660972	32660972	1
chr20	33954279	34954279	1
chr21	10994971	11994971	1
chr21	16349631	17349631	1
chr21	20056860	21056860	1
chr21	21230866	22230866	1
chr21	23883282	24883282	1
chr21	32001208	33001208	1
chr21	32936821	33936821	1
chr21	36808879	37808879	1
chr21	39168051	40168051	1
chr21	46214467	47214467	1
chr21	9414420	10414420	1
chr22	20886186	21886186	1
chr22	29702368	30702368	1
chr22	31254117	32254117	1
chr22	40634427	41634427	1
chr22	50167488	51167488	1
chr2	114677118	115677118	1
chr2	115805211	116805211	1
chr2	117079897	118079897	1
chr2	117942836	118942836	1
chr2	121549125	122549125	1
chr2	128995592	129995592	1
chr2	135553071	136553071	1
chr2	137861273	138861273	1
chr2	142552395	143552395	1
chr2	143619245	144619245	1
chr2	148790512	149790512	1
chr2	150070896	151070896	1
chr2	150805704	151805704	1
chr2	158678052	159678052	1
chr2	172585252	173585252	1
chr2	173211419	174211419	1
chr2	184402124	185402124	1
chr2	206302514	207302514	1
chr2	209183695	210183695	1
chr2	21290557	22290557	1
chr2	213768947	214768947	1
chr2	229016464	230016464	1
chr2	23420078	24420078	1
chr2	240178845	241178845	1
chr2	49440094	50440094	1
chr2	65867155	66867155	1
chr2	79444509	80444509	1
chr2	82317151	83317151	1
chr2	90479672	91479672	1
chr3	100636353	101636353	1
chr3	106744641	107744641	1
chr3	135722070	136722070	1
chr3	145125180	146125180	1
chr3	145692558	146692558	1
chr3	146758261	147758261	1
chr3	147652356	148652356	1
chr3	151543190	152543190	1
chr3	152240237	153240237	1
chr3	152375323	153375323	1
chr3	156806433	157806433	1
chr3	158888726	159888726	1
chr3	161860096	162860096	1
chr3	182189611	183189611	1
chr3	18279089	19279089	1
chr3	189031133	190031133	1
chr3	197721156	198721156	1
chr3	22790550	23790550	1
chr3	31388320	32388320	1
chr3	44622175	45622175	1
chr3	46240309	47240309	1
chr3	48993872	49993872	1
chr3	61726214	62726214	1
chr3	65460491	66460491	1
chr3	70973914	71973914	1
chr3	71353682	72353682	1
chr3	82157496	83157496	1
chr3	95023679	96023679	1
chr4	101971846	102971846	1
chr4	102394067	103394067	1
chr4	107361759	108361759	1
chr4	121808307	122808307	1
chr4	123899816	124899816	1
chr4	130097663	131097663	1
chr4	132295728	133295728	1
chr4	134942349	135942349	1
chr4	137793924	138793924	1
chr4	142592202	143592202	1
chr4	142744375	143744375	1
chr4	146934146	147934146	1
chr4	151436239	152436239	1
chr4	153388095	154388095	1
chr4	158358143	159358143	1
chr4	163209309	164209309	1
chr4	163647054	164647054	1
chr4	177485428	178485428	1
chr4	182627800	183627800	1
chr4	18271406	19271406	1
chr4	189549966	190549966	1
chr4	25542756	26542756	1
chr4	33781966	34781966	1
chr4	3643289	4643289	1
chr4	36764549	37764549	1
chr4	38791703	39791703	1
chr4	40821628	41821628	1
chr4	41770326	42770326	1
chr4	43650596	44650596	1
chr4	44062588	45062588	1
chr4	61578977	62578977	1
chr4	61890490	62890490	1
chr4	66980966	67980966	1
chr4	84804189	85804189	1
chr4	87949498	88949498	1
chr4	96165064	97165064	1
chr4	97275523	98275523	1
chr5	104294367	105294367	1
chr5	105141822	106141822	1
chr5	115774876	116774876	1
chr5	120164703	121164703	1
chr5	122243003	123243003	1
chr5	124852526	125852526	1
chr5	131461597	132461597	1
chr5	133298989	134298989	1
chr5	136077701	137077701	1
chr5	16273303	17273303	1
chr5	164474872	165474872	1
chr5	166554632	167554632	1
chr5	174015409	175015409	1
chr5	19747574	20747574	1
chr5	21267173	22267173	1
chr5	26527071	27527071	1
chr5	33674577	34674577	1
chr5	35487130	36487130	1
chr5	4260572	5260572	1
chr5	46071166	47071166	1
chr5	6699131	7699131	1
chr5	68703681	69703681	1
chr5	90360812	91360812	1
chr5	91841370	92841370	1
chr5	94613663	95613663	1
chr5	95450582	96450582	1
chr5	98186635	99186635	1
chr6	102049506	103049506	1
chr6	102159285	103159285	1
chr6	106726687	107726687	1
chr6	11293212	12293212	1
chr6	120694257	121694257	1
chr6	123289771	124289771	1
chr6	141673939	142673939	1
chr6	14451475	15451475	1
chr6	152330452	153330452	1
chr6	152873863	153873863	1
chr6	16304074	17304074	1
chr6	163675427	164675427	1
chr6	168793335	169793335	1
chr6	19381139	20381139	1
chr6	19520349	20520349	1
chr6	19645390	20645390	1
chr6	20596452	21596452	1
chr6	3017136	4017136	1
chr6	40040075	41040075	1
chr6	43849558	44849558	1
chr6	51411977	52411977	1
chr6	55254274	56254274	1
chr6	70559683	71559683	1
chr6	7808721	8808721	1
chr6	83315599	84315599	1
chr6	9230747	10230747	1
chr6	92442332	93442332	1
chr6	94974458	95974458	1
chr7	109672049	110672049	1
chr7	110073681	111073681	1
chr7	11011467	12011467	1
chr7	113178920	114178920	1
chr7	116349997	117349997	1
chr7	121030976	122030976	1
chr7	128420702	129420702	1
chr7	140158124	141158124	1
chr7	143162468	144162468	1
chr7	145662870	146662870	1
chr7	29756073	30756073	1
chr7	31443189	32443189	1
chr7	3611702	4611702	1
chr7	40074585	41074585	1
chr7	44158371	45158371	1
chr7	49996007	50996007	1
chr7	50240350	51240350	1
chr7	77146292	78146292	1
chr7	77540864	78540864	1
chr7	78139243	79139243	1
chr7	78554634	79554634	1
chr7	79447277	80447277	1
chr7	83569402	84569402	1
chr7	8656338	9656338	1
chr7	88651369	89651369	1
chr7	94677811	95677811	1
chr7	96450838	97450838	1
chr7	98070438	99070438	1
chr8	105938913	106938913	1
chr8	113479186	114479186	1
chr8	134691436	135691436	1
chr8	137391413	138391413	1
chr8	139712821	140712821	1
chr8	144464702	145464702	1
chr8	15116489	16116489	1
chr8	27293556	28293556	1
chr8	29080861	30080861	1
chr8	31972971	32972971	1
chr8	32740430	33740430	1
chr8	40725157	41725157	1
chr8	49141366	50141366	1
chr8	53574524	54574524	1
chr8	55033611	56033611	1
chr8	61998594	62998594	1
chr8	65418580	66418580	1
chr8	67000549	68000549	1
chr8	67844815	68844815	1
chr8	82657943	83657943	1
chr8	83645470	84645470	1
chr8	84703048	85703048	1
chr8	92328679	93328679	1
chr8	93384910	94384910	1
chr8	94834886	95834886	1
chr9	102912075	103912075	1
chr9	106396631	107396631	1
chr9	106585474	107585474	1
chr9	107056278	108056278	1
chr9	120712308	121712308	1
chr9	134576747	135576747	1
chr9	25928455	26928455	1
chr9	28618277	29618277	1
chr9	28861764	29861764	1
chr9	3159676	4159676	1
chr9	31759130	32759130	1
chr9	38959534	39959534	1
chr9	67808242	68808242	1
chr9	83055468	84055468	1
chr9	91206933	92206933	1
chr9	96950715	97950715	1
chrX	100500109	101500109	1
chrX	102486642	103486642	1
chrX	105463246	106463246	1
chrX	110820190	111820190	1
chrX	139498043	140498043	1
chrX	141638008	142638008	1
chrX	143723888	144723888	1
chrX	17903907	18903907	1
chrX	3954723	4954723	1
chrX	4046477	5046477	1
chrX	48933555	49933555	1
chrX	53781125	54781125	1
chrX	5833409	6833409	1
chrX	87708913	88708913	1
chrY	3082856	4082856	1
chr10	52537835	53537835	0
chr10	77586409	78586409	0
chr11	82604642	83604642	0
chr14	24185994	25185994	0
chr16	29014777	30014777	0
chr19	2985340	3985340	0
chr21	19847479	20847479	0
chr22	27894144	28894144	0
chr6	10025981	11025981	0
chr7	141335103	142335103	0
chr7	63662695	64662695	0
chr8	92701438	93701438	0
