	chr	startpos	endpos	BAF	pval	LogR	ntot	nMaj1_A	nMin1_A	frac1_A	nMaj2_A	nMin2_A	frac2_A	SDfrac_A	SDfrac_A_BS	frac1_A_0.025	frac1_A_0.975	nMaj1_B	nMin1_B	frac1_B	nMaj2_B	nMin2_B	frac2_B	SDfrac_B	SDfrac_B_BS	frac1_B_0.025	frac1_B_0.975	nMaj1_C	nMin1_C	frac1_C	nMaj2_C	nMin2_C	frac2_C	SDfrac_C	SDfrac_C_BS	frac1_C_0.025	frac1_C_0.975	nMaj1_D	nMin1_D	frac1_D	nMaj2_D	nMin2_D	frac2_D	SDfrac_D	SDfrac_D_BS	frac1_D_0.025	frac1_D_0.975	nMaj1_E	nMin1_E	frac1_E	nMaj2_E	nMin2_E	frac2_E	SDfrac_E	SDfrac_E_BS	frac1_E_0.025	frac1_E_0.975	nMaj1_F	nMin1_F	frac1_F	nMaj2_F	nMin2_F	frac2_F	SDfrac_F	SDfrac_F_BS	frac1_F_0.025	frac1_F_0.975
3	1	78107874	249223485	0.989633470195601	1	0.16428196001349	2.29511714010634	2	0	1	NA	NA	NA	NA	NA	NA	NA	NA	NA	NA	NA	NA	NA	NA	NA	NA	NA	NA	NA	NA	NA	NA	NA	NA	NA	NA	NA	NA	NA	NA	NA	NA	NA	NA	NA	NA	NA	NA	NA	NA	NA	NA	NA	NA	NA	NA	NA	NA	NA	NA	NA	NA	NA	NA	NA	NA	NA
6	2	17914318	33209393	0.502142110982873	1	-0.0297411471532316	2.000975925155	1	1	1	NA	NA	NA	NA	NA	NA	NA	NA	NA	NA	NA	NA	NA	NA	NA	NA	NA	NA	NA	NA	NA	NA	NA	NA	NA	NA	NA	NA	NA	NA	NA	NA	NA	NA	NA	NA	NA	NA	NA	NA	NA	NA	NA	NA	NA	NA	NA	NA	NA	NA	NA	NA	NA	NA	NA	NA	NA
8	2	33617498	107640219	0.501276025302644	1	-0.0479728814404234	1.97531581461231	1	1	1	NA	NA	NA	NA	NA	NA	NA	NA	NA	NA	NA	NA	NA	NA	NA	NA	NA	NA	NA	NA	NA	NA	NA	NA	NA	NA	NA	NA	NA	NA	NA	NA	NA	NA	NA	NA	NA	NA	NA	NA	NA	NA	NA	NA	NA	NA	NA	NA	NA	NA	NA	NA	NA	NA	NA	NA	NA
9	2	107640555	115443537	0.524061985943099	0.0000000000000000000000000000000000000000000000000000000000000000000000000000000000000000000000000000000387337883803949	-0.0986014035839007	1.90573641382574	1	0	0.0937751306372962	1	1	0.906224869362704	0.00398073832153367	0.00408305250965329	0.0857214298071682	0.10132387882646	1	0	0.546887565318648	1	2	0.453112434681352	0.00199036916076684	0.00204152625482665	0.542860714903584	0.55066193941323	0	0	0.997856844215989	1	0	0.00214315578401136	0.000100175689823734	0.000102732556383314	0.997660360427898	0.998057171374161	0	0	0.998928422107994	2	0	0.00107157789200574	0.0000500878449118947	0.0000513662781916614	0.998830180213949	0.99902858568708	NA	NA	NA	NA	NA	NA	NA	NA	NA	NA	NA	NA	NA	NA	NA	NA	NA	NA	NA	NA
11	2	115719455	209911013	0.502301022976714	1	-0.0683872919716084	1.94696593014832	1	1	1	NA	NA	NA	NA	NA	NA	NA	NA	NA	NA	NA	NA	NA	NA	NA	NA	NA	NA	NA	NA	NA	NA	NA	NA	NA	NA	NA	NA	NA	NA	NA	NA	NA	NA	NA	NA	NA	NA	NA	NA	NA	NA	NA	NA	NA	NA	NA	NA	NA	NA	NA	NA	NA	NA	NA	NA	NA
13	3	60596	197846280	0.501170817357383	1	-0.0568477850141706	1.96294176016246	1	1	1	NA	NA	NA	NA	NA	NA	NA	NA	NA	NA	NA	NA	NA	NA	NA	NA	NA	NA	NA	NA	NA	NA	NA	NA	NA	NA	NA	NA	NA	NA	NA	NA	NA	NA	NA	NA	NA	NA	NA	NA	NA	NA	NA	NA	NA	NA	NA	NA	NA	NA	NA	NA	NA	NA	NA	NA	NA
16	4	92199795	190228326	0.501246821594256	1	-0.0759220826392757	1.93660316306826	1	1	1	NA	NA	NA	NA	NA	NA	NA	NA	NA	NA	NA	NA	NA	NA	NA	NA	NA	NA	NA	NA	NA	NA	NA	NA	NA	NA	NA	NA	NA	NA	NA	NA	NA	NA	NA	NA	NA	NA	NA	NA	NA	NA	NA	NA	NA	NA	NA	NA	NA	NA	NA	NA	NA	NA	NA	NA	NA
20	5	5393395	180714439	0.501542519596271	1	-0.0583411768103601	1.9608670334839	1	1	1	NA	NA	NA	NA	NA	NA	NA	NA	NA	NA	NA	NA	NA	NA	NA	NA	NA	NA	NA	NA	NA	NA	NA	NA	NA	NA	NA	NA	NA	NA	NA	NA	NA	NA	NA	NA	NA	NA	NA	NA	NA	NA	NA	NA	NA	NA	NA	NA	NA	NA	NA	NA	NA	NA	NA	NA	NA
21	6	202777	23139971	0.561988504076442	0	0.155600975186412	2.28109411831765	1	1	0.710955630198918	2	1	0.289044369801082	0.00244728597995353	0.00248851200015761	0.7058669142093	0.715863506190182	0	1	0.355477815099459	2	1	0.644522184900541	0.00122364298997668	0.0012446032755526	0.35304274995115	0.357800208439615	1	1	0.85547781509946	3	1	0.14452218490054	0.00122364298997668	0.0012446032755526	0.85304274995115	0.857800208439615	1	0	0.225279976167685	1	1	0.774720023832315	0.0014866224562652	0.00149545999665646	0.222196409166271	0.228243108558653	1	0	0.612639988083843	1	2	0.387360011916157	0.000743311228132593	0.00075910697019671	0.611080061029457	0.614053956198278	NA	NA	NA	NA	NA	NA	NA	NA	NA	NA
22	6	23144104	34406586	0.531824115822527	0	0.0919333527590455	2.18078595471547	1	1	0.861169088706349	2	1	0.138830911293651	0.00317028156198385	0.00321130380917478	0.854929405748682	0.867514101493082	0	1	0.430584544353174	2	1	0.569415455646826	0.00158514078099192	0.00160565190458739	0.427464702874341	0.433757050746541	1	1	0.930584544353175	3	1	0.0694154556468255	0.00158514078099165	0.00160565190458738	0.927464702874341	0.933757050746542	2	1	0.241894852948062	2	2	0.758105147051938	0.00486271810736948	0.00493078587102403	0.232296109878974	0.251253260192578	2	0	0.120947426474031	2	2	0.879052573525969	0.00243135905368468	0.00246539293551202	0.116148054939487	0.125626630096289	2	1	0.620947426474031	2	3	0.379052573525969	0.00243135905368469	0.00246539293551202	0.616148054939487	0.625626630096289
23	6	34406870	170878886	0.501627106474984	1	-0.0580429921974081	1.96128112129222	1	1	1	NA	NA	NA	NA	NA	NA	NA	NA	NA	NA	NA	NA	NA	NA	NA	NA	NA	NA	NA	NA	NA	NA	NA	NA	NA	NA	NA	NA	NA	NA	NA	NA	NA	NA	NA	NA	NA	NA	NA	NA	NA	NA	NA	NA	NA	NA	NA	NA	NA	NA	NA	NA	NA	NA	NA	NA	NA
24	7	80500	159114266	0.503189423271182	1	0.0062545921698111	2.05259997379512	1	1	1	NA	NA	NA	NA	NA	NA	NA	NA	NA	NA	NA	NA	NA	NA	NA	NA	NA	NA	NA	NA	NA	NA	NA	NA	NA	NA	NA	NA	NA	NA	NA	NA	NA	NA	NA	NA	NA	NA	NA	NA	NA	NA	NA	NA	NA	NA	NA	NA	NA	NA	NA	NA	NA	NA	NA	NA	NA
25	8	155757	36459009	0.980350395387271	1	-1.02632199645063	1.5451958208096	1	0	1	NA	NA	NA	NA	NA	NA	NA	NA	NA	NA	NA	NA	NA	NA	NA	NA	NA	NA	NA	NA	NA	NA	NA	NA	NA	NA	NA	NA	NA	NA	NA	NA	NA	NA	NA	NA	NA	NA	NA	NA	NA	NA	NA	NA	NA	NA	NA	NA	NA	NA	NA	NA	NA	NA	NA	NA	NA
26	8	36519146	47358368	0.664368010358367	1	0.588410001936385	3.0939869357037	2	1	1	NA	NA	NA	NA	NA	NA	NA	NA	NA	NA	NA	NA	NA	NA	NA	NA	NA	NA	NA	NA	NA	NA	NA	NA	NA	NA	NA	NA	NA	NA	NA	NA	NA	NA	NA	NA	NA	NA	NA	NA	NA	NA	NA	NA	NA	NA	NA	NA	NA	NA	NA	NA	NA	NA	NA	NA	NA
27	8	47358722	50481632	0.512743936009746	0.0000000000000609713649948732	-0.0101737903960944	2.0288790262461	1	1	0.946582298516276	2	1	0.0534177014837239	0.00721298385995989	0.00707499607298372	0.932706624436841	0.960717883476867	0	1	0.473291149258138	2	1	0.526708850741862	0.00360649192997983	0.00353749803649186	0.466353312218421	0.480358941738434	1	1	0.973291149258139	3	1	0.0267088507418615	0.00360649192997986	0.00353749803649186	0.966353312218421	0.980358941738434	1	0	0.0507623730763549	1	1	0.949237626923645	0.00651370223284361	0.00639129377140503	0.0376184565317899	0.0629914277361855	1	0	0.525381186538177	1	2	0.474618813461823	0.00325685111642182	0.00319564688570252	0.518809228265895	0.531495713868093	NA	NA	NA	NA	NA	NA	NA	NA	NA	NA
30	8	51649025	68486119	0.667746645131211	1	0.537757380188882	2.98578025040956	2	1	1	NA	NA	NA	NA	NA	NA	NA	NA	NA	NA	NA	NA	NA	NA	NA	NA	NA	NA	NA	NA	NA	NA	NA	NA	NA	NA	NA	NA	NA	NA	NA	NA	NA	NA	NA	NA	NA	NA	NA	NA	NA	NA	NA	NA	NA	NA	NA	NA	NA	NA	NA	NA	NA	NA	NA	NA	NA
31	8	68489152	69686036	0.51487909910062	0.000000000352979693673886	-0.0330703208553916	1.99626607314748	1	0	0.0590214998011695	1	1	0.940978500198831	0.0089933199553447	0.00886498263820632	0.0420136777160848	0.0767232005439653	1	0	0.529510749900585	1	2	0.470489250099415	0.0044966599776724	0.00446756633998076	0.521196973095218	0.538316317273461	1	1	0.93735801407679	2	1	0.0626419859232097	0.0101305197233476	0.0100744300025339	0.917126974119697	0.955501975452507	0	1	0.468679007038395	2	1	0.531320992961605	0.0050652598616738	0.00503721500126697	0.458563487059849	0.477750987726253	1	1	0.968679007038395	3	1	0.0313209929616046	0.00506525986167378	0.00503721500126697	0.958563487059849	0.977750987726254	NA	NA	NA	NA	NA	NA	NA	NA	NA	NA
32	8	69687615	71353259	0.666567584909809	1	0.55368542087053	3.01939793900883	2	1	1	NA	NA	NA	NA	NA	NA	NA	NA	NA	NA	NA	NA	NA	NA	NA	NA	NA	NA	NA	NA	NA	NA	NA	NA	NA	NA	NA	NA	NA	NA	NA	NA	NA	NA	NA	NA	NA	NA	NA	NA	NA	NA	NA	NA	NA	NA	NA	NA	NA	NA	NA	NA	NA	NA	NA	NA	NA
39	10	150922	74501835	0.501565567192278	1	-0.0498356685094681	1.97271226194046	1	1	1	NA	NA	NA	NA	NA	NA	NA	NA	NA	NA	NA	NA	NA	NA	NA	NA	NA	NA	NA	NA	NA	NA	NA	NA	NA	NA	NA	NA	NA	NA	NA	NA	NA	NA	NA	NA	NA	NA	NA	NA	NA	NA	NA	NA	NA	NA	NA	NA	NA	NA	NA	NA	NA	NA	NA	NA	NA
41	10	74671611	135192579	0.502662225157722	1	-0.0542281055628019	1.96658639819632	1	1	1	NA	NA	NA	NA	NA	NA	NA	NA	NA	NA	NA	NA	NA	NA	NA	NA	NA	NA	NA	NA	NA	NA	NA	NA	NA	NA	NA	NA	NA	NA	NA	NA	NA	NA	NA	NA	NA	NA	NA	NA	NA	NA	NA	NA	NA	NA	NA	NA	NA	NA	NA	NA	NA	NA	NA	NA	NA
47	11	19007118	111040637	0.505045932927192	1	-0.0642033702624628	1.95274358501663	1	1	1	NA	NA	NA	NA	NA	NA	NA	NA	NA	NA	NA	NA	NA	NA	NA	NA	NA	NA	NA	NA	NA	NA	NA	NA	NA	NA	NA	NA	NA	NA	NA	NA	NA	NA	NA	NA	NA	NA	NA	NA	NA	NA	NA	NA	NA	NA	NA	NA	NA	NA	NA	NA	NA	NA	NA	NA	NA
50	12	17546368	68509533	0.501216842522257	1	-0.0349480133975499	1.99361445178156	1	1	1	NA	NA	NA	NA	NA	NA	NA	NA	NA	NA	NA	NA	NA	NA	NA	NA	NA	NA	NA	NA	NA	NA	NA	NA	NA	NA	NA	NA	NA	NA	NA	NA	NA	NA	NA	NA	NA	NA	NA	NA	NA	NA	NA	NA	NA	NA	NA	NA	NA	NA	NA	NA	NA	NA	NA	NA	NA
52	12	68655664	133839356	0.501430910576022	1	-0.0348535651585647	1.99374774635145	1	1	1	NA	NA	NA	NA	NA	NA	NA	NA	NA	NA	NA	NA	NA	NA	NA	NA	NA	NA	NA	NA	NA	NA	NA	NA	NA	NA	NA	NA	NA	NA	NA	NA	NA	NA	NA	NA	NA	NA	NA	NA	NA	NA	NA	NA	NA	NA	NA	NA	NA	NA	NA	NA	NA	NA	NA	NA	NA
53	13	19449788	114994813	0.986055199666282	1	-0.433729693549674	1.5019161981098	2	0	1	NA	NA	NA	NA	NA	NA	NA	NA	NA	NA	NA	NA	NA	NA	NA	NA	NA	NA	NA	NA	NA	NA	NA	NA	NA	NA	NA	NA	NA	NA	NA	NA	NA	NA	NA	NA	NA	NA	NA	NA	NA	NA	NA	NA	NA	NA	NA	NA	NA	NA	NA	NA	NA	NA	NA	NA	NA
54	14	20476245	107231369	0.501796349984802	1	-0.0468977606181521	1.97682000429623	1	1	1	NA	NA	NA	NA	NA	NA	NA	NA	NA	NA	NA	NA	NA	NA	NA	NA	NA	NA	NA	NA	NA	NA	NA	NA	NA	NA	NA	NA	NA	NA	NA	NA	NA	NA	NA	NA	NA	NA	NA	NA	NA	NA	NA	NA	NA	NA	NA	NA	NA	NA	NA	NA	NA	NA	NA	NA	NA
56	15	32879199	102347662	0.662980792522404	1	0.540198004616668	2.99090737929845	2	1	1	NA	NA	NA	NA	NA	NA	NA	NA	NA	NA	NA	NA	NA	NA	NA	NA	NA	NA	NA	NA	NA	NA	NA	NA	NA	NA	NA	NA	NA	NA	NA	NA	NA	NA	NA	NA	NA	NA	NA	NA	NA	NA	NA	NA	NA	NA	NA	NA	NA	NA	NA	NA	NA	NA	NA	NA	NA
57	16	94080	35272667	0.501830394452117	1	0.0202262098823392	2.07298723683487	1	1	1	NA	NA	NA	NA	NA	NA	NA	NA	NA	NA	NA	NA	NA	NA	NA	NA	NA	NA	NA	NA	NA	NA	NA	NA	NA	NA	NA	NA	NA	NA	NA	NA	NA	NA	NA	NA	NA	NA	NA	NA	NA	NA	NA	NA	NA	NA	NA	NA	NA	NA	NA	NA	NA	NA	NA	NA	NA
59	17	154755	47694972	0.501247463393617	1	0.0367830364146065	2.0974038265589	1	1	1	NA	NA	NA	NA	NA	NA	NA	NA	NA	NA	NA	NA	NA	NA	NA	NA	NA	NA	NA	NA	NA	NA	NA	NA	NA	NA	NA	NA	NA	NA	NA	NA	NA	NA	NA	NA	NA	NA	NA	NA	NA	NA	NA	NA	NA	NA	NA	NA	NA	NA	NA	NA	NA	NA	NA	NA	NA
61	17	47847703	79984621	0.50158840213118	1	0.00767681685205386	2.05466625722129	1	1	1	NA	NA	NA	NA	NA	NA	NA	NA	NA	NA	NA	NA	NA	NA	NA	NA	NA	NA	NA	NA	NA	NA	NA	NA	NA	NA	NA	NA	NA	NA	NA	NA	NA	NA	NA	NA	NA	NA	NA	NA	NA	NA	NA	NA	NA	NA	NA	NA	NA	NA	NA	NA	NA	NA	NA	NA	NA
63	19	226776	49887819	0.502461703084742	1	0.0916218492193325	2.18030598307782	1	1	1	NA	NA	NA	NA	NA	NA	NA	NA	NA	NA	NA	NA	NA	NA	NA	NA	NA	NA	NA	NA	NA	NA	NA	NA	NA	NA	NA	NA	NA	NA	NA	NA	NA	NA	NA	NA	NA	NA	NA	NA	NA	NA	NA	NA	NA	NA	NA	NA	NA	NA	NA	NA	NA	NA	NA	NA	NA
64	19	49888009	59097308	0.527655290482074	0.00000000000000000000000000000000000000000000000000000000000000000000000000000000000000000000000000000000000000000000000000000000000000000000000000000000000000000000000000000000000000000000000000000000447733150590615	-0.0990411266068646	1.90514272917758	1	0	0.107045100682491	1	1	0.892954899317509	0.00323601461751627	0.00323625230299219	0.100524621956644	0.112936968303558	1	0	0.553522550341245	1	2	0.446477449658755	0.00161800730875811	0.00161812615149609	0.550262310978322	0.556468484151779	1	1	0.880420141144486	2	1	0.119579858855514	0.00403825052956747	0.0040369394733553	0.872984028617351	0.888466018502273	0	1	0.440210070572243	2	1	0.559789929427757	0.00201912526478373	0.00204842668501502	0.436211023197905	0.444213496430393	1	1	0.940210070572243	3	1	0.0597899294277573	0.00201912526478371	0.00204842668501503	0.936211023197905	0.944213496430393	NA	NA	NA	NA	NA	NA	NA	NA	NA	NA
67	20	36808578	62918361	0.502419646699816	1	-0.015775804215537	2.02085183846308	1	1	1	NA	NA	NA	NA	NA	NA	NA	NA	NA	NA	NA	NA	NA	NA	NA	NA	NA	NA	NA	NA	NA	NA	NA	NA	NA	NA	NA	NA	NA	NA	NA	NA	NA	NA	NA	NA	NA	NA	NA	NA	NA	NA	NA	NA	NA	NA	NA	NA	NA	NA	NA	NA	NA	NA	NA	NA	NA
70	X	1453839	155220861	0.977134513897753	1	-0.0712776721236026	1.94298432541177	1	0	1	NA	NA	NA	NA	NA	NA	NA	NA	NA	NA	NA	NA	NA	NA	NA	NA	NA	NA	NA	NA	NA	NA	NA	NA	NA	NA	NA	NA	NA	NA	NA	NA	NA	NA	NA	NA	NA	NA	NA	NA	NA	NA	NA	NA	NA	NA	NA	NA	NA	NA	NA	NA	NA	NA	NA	NA	NA
3	1	78107874	145378044	0.962284542106693	1	-1.00039862066259	1.28932417680331	1	0	1	NA	NA	NA	NA	NA	NA	NA	NA	NA	NA	NA	NA	NA	NA	NA	NA	NA	NA	NA	NA	NA	NA	NA	NA	NA	NA	NA	NA	NA	NA	NA	NA	NA	NA	NA	NA	NA	NA	NA	NA	NA	NA	NA	NA	NA	NA	NA	NA	NA	NA	NA	NA	NA	NA	NA	NA	NA
4	1	145399296	249223485	0.987449290151168	1	0.646836206588428	4.04201529580225	4	0	1	NA	NA	NA	NA	NA	NA	NA	NA	NA	NA	NA	NA	NA	NA	NA	NA	NA	NA	NA	NA	NA	NA	NA	NA	NA	NA	NA	NA	NA	NA	NA	NA	NA	NA	NA	NA	NA	NA	NA	NA	NA	NA	NA	NA	NA	NA	NA	NA	NA	NA	NA	NA	NA	NA	NA	NA	NA
7	2	17914318	112476764	0.501620717336229	1	-0.0377534837425663	1.96304420502368	1	1	1	NA	NA	NA	NA	NA	NA	NA	NA	NA	NA	NA	NA	NA	NA	NA	NA	NA	NA	NA	NA	NA	NA	NA	NA	NA	NA	NA	NA	NA	NA	NA	NA	NA	NA	NA	NA	NA	NA	NA	NA	NA	NA	NA	NA	NA	NA	NA	NA	NA	NA	NA	NA	NA	NA	NA	NA	NA
9	2	112795492	209911013	0.501044804450801	1	-0.0672224399614574	1.92166371517569	1	1	1	NA	NA	NA	NA	NA	NA	NA	NA	NA	NA	NA	NA	NA	NA	NA	NA	NA	NA	NA	NA	NA	NA	NA	NA	NA	NA	NA	NA	NA	NA	NA	NA	NA	NA	NA	NA	NA	NA	NA	NA	NA	NA	NA	NA	NA	NA	NA	NA	NA	NA	NA	NA	NA	NA	NA	NA	NA
11	3	60596	20244631	0.501761933193497	1	-0.0556321913159578	1.93783804261951	1	1	1	NA	NA	NA	NA	NA	NA	NA	NA	NA	NA	NA	NA	NA	NA	NA	NA	NA	NA	NA	NA	NA	NA	NA	NA	NA	NA	NA	NA	NA	NA	NA	NA	NA	NA	NA	NA	NA	NA	NA	NA	NA	NA	NA	NA	NA	NA	NA	NA	NA	NA	NA	NA	NA	NA	NA	NA	NA
13	3	20736506	129666064	0.501472834560878	1	-0.0651348002732434	1.92456745437554	1	1	1	NA	NA	NA	NA	NA	NA	NA	NA	NA	NA	NA	NA	NA	NA	NA	NA	NA	NA	NA	NA	NA	NA	NA	NA	NA	NA	NA	NA	NA	NA	NA	NA	NA	NA	NA	NA	NA	NA	NA	NA	NA	NA	NA	NA	NA	NA	NA	NA	NA	NA	NA	NA	NA	NA	NA	NA	NA
14	3	129685283	197846280	0.59332127070887	0	0.238956819442611	2.39575598116879	1	1	0.521882405169321	2	1	0.478117594830679	0.00186599052131292	0.0018234119264635	0.518213132122006	0.525488176021399	0	1	0.260941202584661	2	1	0.73905879741534	0.000932995260656461	0.000921752279007203	0.259147254421612	0.262761102201327	1	1	0.760941202584661	3	1	0.239058797415339	0.000932995260656211	0.000961668216282635	0.759112615419691	0.762818195900038	1	0	0.327714959022394	1	1	0.672285040977606	0.000876662421171737	0.000912900687266611	0.325846798732155	0.32953712485255	1	0	0.663857479511197	1	2	0.336142520488803	0.000438331210585896	0.000442020272200321	0.663006216468691	0.664729396777986	NA	NA	NA	NA	NA	NA	NA	NA	NA	NA
17	4	92199795	190228326	0.505491086679738	1	-0.114235971682267	1.85737220080459	1	1	1	NA	NA	NA	NA	NA	NA	NA	NA	NA	NA	NA	NA	NA	NA	NA	NA	NA	NA	NA	NA	NA	NA	NA	NA	NA	NA	NA	NA	NA	NA	NA	NA	NA	NA	NA	NA	NA	NA	NA	NA	NA	NA	NA	NA	NA	NA	NA	NA	NA	NA	NA	NA	NA	NA	NA	NA	NA
21	5	5393395	34004707	0.502008859986175	1	-0.0806762085694972	1.90305105974258	1	1	1	NA	NA	NA	NA	NA	NA	NA	NA	NA	NA	NA	NA	NA	NA	NA	NA	NA	NA	NA	NA	NA	NA	NA	NA	NA	NA	NA	NA	NA	NA	NA	NA	NA	NA	NA	NA	NA	NA	NA	NA	NA	NA	NA	NA	NA	NA	NA	NA	NA	NA	NA	NA	NA	NA	NA	NA	NA
23	5	34195492	87035801	0.500407920788178	1	-0.0498872743898998	1.94590343596266	1	1	1	NA	NA	NA	NA	NA	NA	NA	NA	NA	NA	NA	NA	NA	NA	NA	NA	NA	NA	NA	NA	NA	NA	NA	NA	NA	NA	NA	NA	NA	NA	NA	NA	NA	NA	NA	NA	NA	NA	NA	NA	NA	NA	NA	NA	NA	NA	NA	NA	NA	NA	NA	NA	NA	NA	NA	NA	NA
24	5	87038413	88212253	0.642838126287334	0.00000000000000000000000000000000000000000000000000000000000000000000000000000000000000000000000000000000000000000000000000000000000000000000000000000000000000000000000000000000000000000000000000000000000000000000000000000000000000000000000000000172966247496687	-0.459930058149625	1.44381688134838	1	0	0.462964891878362	1	1	0.537035108121638	0.00653649428286593	0.00677515082947453	0.449341891615628	0.476088629750717	1	0	0.731482445939181	1	2	0.268517554060819	0.00326824714143298	0.00338757541473727	0.724670945807814	0.738044314875359	0	0	0.966583132367487	1	0	0.0334168676325131	0.000849209652655836	0.000879734326556022	0.964833621210658	0.96830681731207	0	0	0.983291566183743	2	0	0.0167084338162565	0.00042460482632789	0.000439867163278003	0.982416810605329	0.984153408656035	NA	NA	NA	NA	NA	NA	NA	NA	NA	NA	NA	NA	NA	NA	NA	NA	NA	NA	NA	NA
25	5	88215594	92945156	0.528481912913697	0.0000000000000000000000000000000000000000000000000000633313486193219	0.00414219181085518	2.02334863670829	1	1	0.874143300682715	2	1	0.125856699317285	0.00838494208750673	0.0080741859731832	0.857812168790684	0.890296660370192	0	1	0.437071650341358	2	1	0.562928349658642	0.00419247104375337	0.0040370929865916	0.428906084395342	0.445148330185096	1	1	0.937071650341358	3	1	0.0629283496586424	0.00419247104375325	0.0040370929865916	0.928906084395342	0.945148330185096	1	0	0.112290900897442	1	1	0.887709099102558	0.00667475375282238	0.00666787939940964	0.099252684347766	0.125834733219949	1	0	0.556145450448721	1	2	0.443854549551279	0.00333737687641117	0.00333393969970482	0.549626342173883	0.562917366609974	NA	NA	NA	NA	NA	NA	NA	NA	NA	NA
26	5	92978315	104218122	0.642207339507065	0	-0.444768896780922	1.45995256913726	1	0	0.461373118502259	1	1	0.538626881497741	0.0023732712901787	0.002317343672261	0.456907622498573	0.466071934349235	1	0	0.73068655925113	1	2	0.26931344074887	0.00118663564508936	0.0011586718361305	0.728453811249286	0.733035967174617	0	0	0.966789358051914	1	0	0.0332106419480857	0.000306632561631826	0.000312619649289922	0.966175603759824	0.967421250207663	0	0	0.983394679025957	2	0	0.0166053209740429	0.000153316280815941	0.000156309824644966	0.983087801879912	0.983710625103832	NA	NA	NA	NA	NA	NA	NA	NA	NA	NA	NA	NA	NA	NA	NA	NA	NA	NA	NA	NA
28	5	104812022	180714439	0.643750890947985	0	-0.407922925614197	1.49988103997002	1	0	0.465262705989561	1	1	0.534737294010439	0.000817266903539282	0.000798496252939032	0.463688903794445	0.466809705630473	1	0	0.732631352994781	1	2	0.267368647005219	0.000408633451769613	0.000395989670039189	0.731825747917972	0.733381956609056	0	0	0.966283425545559	1	0	0.0337165744544408	0.000107022088393027	0.000105993958903566	0.966079911851495	0.966502316799888	0	0	0.983141712772779	2	0	0.0168582872272206	0.0000535110441964304	0.0000551807812875584	0.983025910501079	0.983250213639788	NA	NA	NA	NA	NA	NA	NA	NA	NA	NA	NA	NA	NA	NA	NA	NA	NA	NA	NA	NA
29	6	202777	122955721	0.50433705746525	1	-0.0242670733519522	1.98226567966795	1	1	1	NA	NA	NA	NA	NA	NA	NA	NA	NA	NA	NA	NA	NA	NA	NA	NA	NA	NA	NA	NA	NA	NA	NA	NA	NA	NA	NA	NA	NA	NA	NA	NA	NA	NA	NA	NA	NA	NA	NA	NA	NA	NA	NA	NA	NA	NA	NA	NA	NA	NA	NA	NA	NA	NA	NA	NA	NA
31	6	123028265	170878886	0.502197604829741	1	-0.053858658524889	1.94032451139372	1	1	1	NA	NA	NA	NA	NA	NA	NA	NA	NA	NA	NA	NA	NA	NA	NA	NA	NA	NA	NA	NA	NA	NA	NA	NA	NA	NA	NA	NA	NA	NA	NA	NA	NA	NA	NA	NA	NA	NA	NA	NA	NA	NA	NA	NA	NA	NA	NA	NA	NA	NA	NA	NA	NA	NA	NA	NA	NA
32	7	80500	94939830	0.501039851963129	1	-0.0349436631013695	1.96703409050801	1	1	1	NA	NA	NA	NA	NA	NA	NA	NA	NA	NA	NA	NA	NA	NA	NA	NA	NA	NA	NA	NA	NA	NA	NA	NA	NA	NA	NA	NA	NA	NA	NA	NA	NA	NA	NA	NA	NA	NA	NA	NA	NA	NA	NA	NA	NA	NA	NA	NA	NA	NA	NA	NA	NA	NA	NA	NA	NA
33	7	94940119	159114266	0.591560926695292	0	0.268664791235406	2.44733928044758	1	1	0.532923047790488	2	1	0.467076952209512	0.00200458635884454	0.00205285252243592	0.528764826277727	0.536802408542607	0	1	0.266461523895244	2	1	0.733538476104756	0.00100229317942227	0.00102928039194444	0.264499408226552	0.268456390950258	1	1	0.766461523895244	3	1	0.233538476104756	0.00100229317942208	0.000997812279744985	0.764449764757278	0.768391053927576	1	0	0.322489990317947	1	1	0.677510009682053	0.000955609004624325	0.000978901712663418	0.320579355715003	0.324310397284501	1	0	0.661244995158973	1	2	0.338755004841027	0.000477804502312218	0.000486913930103554	0.660297327643499	0.662243603605747	NA	NA	NA	NA	NA	NA	NA	NA	NA	NA
34	8	155687	51440704	0.512669510674594	0.0000000000000000000000000000000000000000000000000000000000000000000000000000000000000000000000000000000000000000000000000000000000000000000000000000000000000000000000000000000000000000000000000000000000000000000000000000000000000000000000000000000000000000000000000000000000000000000000000107837870464472	-0.068243707166766	1.92024474429542	1	0	0.0514905928319631	1	1	0.948509407168037	0.00136482649601958	0.00141729539009172	0.0486088833325561	0.0542993873113307	1	0	0.525745296415982	1	2	0.474254703584018	0.000682413248009772	0.000677745293163994	0.524316775266742	0.52700981618196	0	0	0.99782768428098	1	0	0.00217231571901999	0.000060574023997062	0.0000605658360924744	0.997703439430694	0.997943512506514	0	0	0.99891384214049	2	0	0.00108615785950994	0.0000302870119985865	0.0000294773324231392	0.998855548326058	0.99896965585664	NA	NA	NA	NA	NA	NA	NA	NA	NA	NA	NA	NA	NA	NA	NA	NA	NA	NA	NA	NA
36	8	51649025	71353259	0.501123986202187	1	-0.0536099936090066	1.94067338060732	1	1	1	NA	NA	NA	NA	NA	NA	NA	NA	NA	NA	NA	NA	NA	NA	NA	NA	NA	NA	NA	NA	NA	NA	NA	NA	NA	NA	NA	NA	NA	NA	NA	NA	NA	NA	NA	NA	NA	NA	NA	NA	NA	NA	NA	NA	NA	NA	NA	NA	NA	NA	NA	NA	NA	NA	NA	NA	NA
43	10	150922	68712519	0.501839857895553	1	-0.0610746947120045	1.93022678180354	1	1	1	NA	NA	NA	NA	NA	NA	NA	NA	NA	NA	NA	NA	NA	NA	NA	NA	NA	NA	NA	NA	NA	NA	NA	NA	NA	NA	NA	NA	NA	NA	NA	NA	NA	NA	NA	NA	NA	NA	NA	NA	NA	NA	NA	NA	NA	NA	NA	NA	NA	NA	NA	NA	NA	NA	NA	NA	NA
45	10	69605966	135192579	0.502213480419371	1	-0.0215276392818428	1.98619205580508	1	1	1	NA	NA	NA	NA	NA	NA	NA	NA	NA	NA	NA	NA	NA	NA	NA	NA	NA	NA	NA	NA	NA	NA	NA	NA	NA	NA	NA	NA	NA	NA	NA	NA	NA	NA	NA	NA	NA	NA	NA	NA	NA	NA	NA	NA	NA	NA	NA	NA	NA	NA	NA	NA	NA	NA	NA	NA	NA
51	11	19007118	86223023	0.502823229643488	1	-0.0455631913646023	1.95199531448755	1	1	1	NA	NA	NA	NA	NA	NA	NA	NA	NA	NA	NA	NA	NA	NA	NA	NA	NA	NA	NA	NA	NA	NA	NA	NA	NA	NA	NA	NA	NA	NA	NA	NA	NA	NA	NA	NA	NA	NA	NA	NA	NA	NA	NA	NA	NA	NA	NA	NA	NA	NA	NA	NA	NA	NA	NA	NA	NA
53	11	86445717	110890203	0.502662403195676	1	-0.100808765491794	1.87552081807474	1	1	1	NA	NA	NA	NA	NA	NA	NA	NA	NA	NA	NA	NA	NA	NA	NA	NA	NA	NA	NA	NA	NA	NA	NA	NA	NA	NA	NA	NA	NA	NA	NA	NA	NA	NA	NA	NA	NA	NA	NA	NA	NA	NA	NA	NA	NA	NA	NA	NA	NA	NA	NA	NA	NA	NA	NA	NA	NA
56	12	17546368	33875800	0.500949124325889	1	-0.0567217266415627	1.9363120439637	1	1	1	NA	NA	NA	NA	NA	NA	NA	NA	NA	NA	NA	NA	NA	NA	NA	NA	NA	NA	NA	NA	NA	NA	NA	NA	NA	NA	NA	NA	NA	NA	NA	NA	NA	NA	NA	NA	NA	NA	NA	NA	NA	NA	NA	NA	NA	NA	NA	NA	NA	NA	NA	NA	NA	NA	NA	NA	NA
57	12	33890147	42698095	0.580889295432365	0	-0.277329819858492	1.64990183865544	1	0	0.290137069022414	1	1	0.709862930977586	0.00359329696506322	0.00344227133440033	0.282923728663742	0.296306865590974	1	0	0.645068534511207	1	2	0.354931465488793	0.00179664848253158	0.00172113566720016	0.641461864331871	0.648153432795487	0	0	0.983873170823723	1	0	0.0161268291762773	0.000276824868703729	0.000267189315075584	0.983301263123383	0.984375264978669	0	0	0.991936585411861	2	0	0.00806341458813875	0.00013841243435192	0.000133594657537792	0.991650631561691	0.992187632489334	NA	NA	NA	NA	NA	NA	NA	NA	NA	NA	NA	NA	NA	NA	NA	NA	NA	NA	NA	NA
58	12	42703893	51517710	0.643354997663488	0	-0.374509685998478	1.53698192104664	1	0	0.46426687609979	1	1	0.53573312390021	0.00278220923777092	0.00256943072355426	0.459132501111515	0.469293392672545	1	0	0.732133438049895	1	2	0.267866561950105	0.00139110461888547	0.00128471536177714	0.729566250555758	0.734646696336272	1	1	0.162504975447299	2	1	0.837495024552701	0.00905360933850229	0.00836128317536482	0.145750569189366	0.178828002153588	0	1	0.0812524877236496	2	1	0.91874751227635	0.00452680466925114	0.00437340564371977	0.0727803246414176	0.0898876214019422	1	1	0.581252487723649	3	1	0.418747512276351	0.00452680466925115	0.00437340564371977	0.572780324641418	0.589887621401942	NA	NA	NA	NA	NA	NA	NA	NA	NA	NA
60	12	51666089	126703560	0.642326193553114	0	-0.39242611798896	1.51698133368171	1	0	0.461673282511872	1	1	0.538326717488129	0.000934100789088954	0.000955260165892804	0.459727045090333	0.463478834424742	1	0	0.730836641255936	1	2	0.269163358744064	0.000467050394544422	0.000462497008265137	0.729902780183066	0.731763951735475	0	0	0.966750556231856	1	0	0.0332494437681443	0.000120812590746977	0.000119805845557699	0.966504455911303	0.966974199508567	0	0	0.983375278115928	2	0	0.0166247218840723	0.0000604062953735163	0.0000599412205057582	0.983257719650484	0.983494476939358	NA	NA	NA	NA	NA	NA	NA	NA	NA	NA	NA	NA	NA	NA	NA	NA	NA	NA	NA	NA
61	12	126705897	133839356	0.904874565713853	0	-0.911243284109431	1.03352862695119	1	0	0.932261295870118	1	1	0.0677387041298817	0.000833156199678331	0.000846362787308633	0.930575083888806	0.933926522959002	1	0	0.966130647935059	1	2	0.0338693520649409	0.000416578099839193	0.000423181393654315	0.965287541944403	0.966963261479501	0	0	0.644360059341902	1	0	0.355639940658098	0.00302350984416122	0.00304792557404642	0.638288185162743	0.650481589962147	0	0	0.822180029670951	2	0	0.177819970329049	0.00151175492208061	0.00152396278702322	0.819144092581372	0.825240794981073	NA	NA	NA	NA	NA	NA	NA	NA	NA	NA	NA	NA	NA	NA	NA	NA	NA	NA	NA	NA
62	13	19449788	38433152	0.962183072928182	1	-0.977019964313218	1.28564050361501	1	0	1	NA	NA	NA	NA	NA	NA	NA	NA	NA	NA	NA	NA	NA	NA	NA	NA	NA	NA	NA	NA	NA	NA	NA	NA	NA	NA	NA	NA	NA	NA	NA	NA	NA	NA	NA	NA	NA	NA	NA	NA	NA	NA	NA	NA	NA	NA	NA	NA	NA	NA	NA	NA	NA	NA	NA	NA	NA
63	13	38449017	114994813	0.979891066197351	1	-0.107261580215229	2.49136098212754	2	0	1	NA	NA	NA	NA	NA	NA	NA	NA	NA	NA	NA	NA	NA	NA	NA	NA	NA	NA	NA	NA	NA	NA	NA	NA	NA	NA	NA	NA	NA	NA	NA	NA	NA	NA	NA	NA	NA	NA	NA	NA	NA	NA	NA	NA	NA	NA	NA	NA	NA	NA	NA	NA	NA	NA	NA	NA	NA
64	14	20476245	77653741	0.501346452943201	1	-0.0354283412476516	1.96634530314151	1	1	1	NA	NA	NA	NA	NA	NA	NA	NA	NA	NA	NA	NA	NA	NA	NA	NA	NA	NA	NA	NA	NA	NA	NA	NA	NA	NA	NA	NA	NA	NA	NA	NA	NA	NA	NA	NA	NA	NA	NA	NA	NA	NA	NA	NA	NA	NA	NA	NA	NA	NA	NA	NA	NA	NA	NA	NA	NA
66	14	77694766	85336961	0.501994418952169	1	-0.0796914015273602	1.90440761409184	1	1	1	NA	NA	NA	NA	NA	NA	NA	NA	NA	NA	NA	NA	NA	NA	NA	NA	NA	NA	NA	NA	NA	NA	NA	NA	NA	NA	NA	NA	NA	NA	NA	NA	NA	NA	NA	NA	NA	NA	NA	NA	NA	NA	NA	NA	NA	NA	NA	NA	NA	NA	NA	NA	NA	NA	NA	NA	NA
68	14	86024093	107231369	0.502062411179298	1	-0.0325867752408024	1.97038681910467	1	1	1	NA	NA	NA	NA	NA	NA	NA	NA	NA	NA	NA	NA	NA	NA	NA	NA	NA	NA	NA	NA	NA	NA	NA	NA	NA	NA	NA	NA	NA	NA	NA	NA	NA	NA	NA	NA	NA	NA	NA	NA	NA	NA	NA	NA	NA	NA	NA	NA	NA	NA	NA	NA	NA	NA	NA	NA	NA
70	15	32899892	96750580	0.653001577915109	1	0.501666409419215	2.89094895417029	2	1	1	NA	NA	NA	NA	NA	NA	NA	NA	NA	NA	NA	NA	NA	NA	NA	NA	NA	NA	NA	NA	NA	NA	NA	NA	NA	NA	NA	NA	NA	NA	NA	NA	NA	NA	NA	NA	NA	NA	NA	NA	NA	NA	NA	NA	NA	NA	NA	NA	NA	NA	NA	NA	NA	NA	NA	NA	NA
71	15	96757477	102347662	0.772839666526369	0	0.242726568570403	2.4022428769671	2	0	0.441639942091318	2	1	0.558360057908682	0.00250720683124328	0.00254506958631702	0.436649737074858	0.446426861771956	2	0	0.720819971045659	2	2	0.279180028954341	0.00125360341562153	0.00127253479315851	0.718324868537429	0.723213430885978	1	0	0.735569386078883	1	1	0.264430613921117	0.00127925464312195	0.00129857339442158	0.733023228794256	0.738011820883781	1	0	0.867784693039441	1	2	0.132215306960559	0.000639627321560976	0.000649286697210794	0.866511614397128	0.869005910441891	NA	NA	NA	NA	NA	NA	NA	NA	NA	NA	NA	NA	NA	NA	NA	NA	NA	NA	NA	NA
72	16	94080	8471501	0.581519681355271	0	0.0510179266054906	2.09293007344741	1	1	0.59412436976166	2	1	0.40587563023834	0.00481092567414215	0.00470810397358263	0.584613429070807	0.603181097463983	0	1	0.29706218488083	2	1	0.70293781511917	0.00240546283707108	0.00240438304607724	0.292158332398009	0.301750490017105	1	1	0.79706218488083	3	1	0.20293781511917	0.00240546283707127	0.00240438304607724	0.792158332398009	0.801750490017105	1	0	0.292081194356864	1	1	0.707918805643136	0.00249143238322269	0.00248302966526057	0.286825085494377	0.29661687727387	1	0	0.646040597178432	1	2	0.353959402821568	0.00124571619161135	0.00124151483263028	0.643412542747188	0.648308438636935	NA	NA	NA	NA	NA	NA	NA	NA	NA	NA
73	16	8471554	14982580	0.540159418025145	0	0.164407908128986	2.27089526028872	1	1	0.818035924729063	2	1	0.181964075270937	0.00434174634611817	0.00430380805615139	0.809326932677688	0.826784520307836	0	1	0.409017962364531	2	1	0.590982037635469	0.00217087317305908	0.00215190402807569	0.404663466338844	0.413392260153918	1	1	0.909017962364531	3	1	0.0909820376354685	0.00217087317305908	0.0021519040280757	0.904663466338844	0.913392260153918	2	1	0.303601671745285	2	2	0.696398328254715	0.00616691348324599	0.00611422042698667	0.290992537378547	0.315866704423211	2	0	0.151800835872642	2	2	0.848199164127358	0.00308345674162296	0.00305711021349333	0.145496268689273	0.157933352211605	2	1	0.651800835872642	2	3	0.348199164127358	0.00308345674162303	0.00306154191436425	0.645940524217324	0.657880393114265
74	16	15021869	35272667	0.501623396767176	1	0.0354947832303612	2.06963698913095	1	1	1	NA	NA	NA	NA	NA	NA	NA	NA	NA	NA	NA	NA	NA	NA	NA	NA	NA	NA	NA	NA	NA	NA	NA	NA	NA	NA	NA	NA	NA	NA	NA	NA	NA	NA	NA	NA	NA	NA	NA	NA	NA	NA	NA	NA	NA	NA	NA	NA	NA	NA	NA	NA	NA	NA	NA	NA	NA
76	17	154755	14588665	0.638596920554202	0	-0.327306432967215	1.59088098510244	1	0	0.452201815110447	1	1	0.547798184889553	0.00177812975343541	0.00175941521959157	0.448915569156762	0.455688941736836	1	0	0.726100907555223	1	2	0.273899092444777	0.000889064876717693	0.000879707609795787	0.724457784578381	0.727844470868418	1	1	0.200962296609702	2	1	0.799037703390298	0.00555180861424652	0.00546070617219229	0.190460670647967	0.213163143656172	0	1	0.100481148304851	2	1	0.899518851695149	0.00277590430712326	0.00273035308609614	0.0952303353239837	0.106581571828086	1	1	0.600481148304851	3	1	0.399518851695149	0.00277590430712316	0.00273035308609615	0.595230335323984	0.606581571828086	NA	NA	NA	NA	NA	NA	NA	NA	NA	NA
77	17	14603639	79984621	0.5011574164415	1	0.039873037025065	2.0761813744451	1	1	1	NA	NA	NA	NA	NA	NA	NA	NA	NA	NA	NA	NA	NA	NA	NA	NA	NA	NA	NA	NA	NA	NA	NA	NA	NA	NA	NA	NA	NA	NA	NA	NA	NA	NA	NA	NA	NA	NA	NA	NA	NA	NA	NA	NA	NA	NA	NA	NA	NA	NA	NA	NA	NA	NA	NA	NA	NA
79	19	226776	59097308	0.502112627351686	1	0.106202958316001	2.1777964478204	1	1	1	NA	NA	NA	NA	NA	NA	NA	NA	NA	NA	NA	NA	NA	NA	NA	NA	NA	NA	NA	NA	NA	NA	NA	NA	NA	NA	NA	NA	NA	NA	NA	NA	NA	NA	NA	NA	NA	NA	NA	NA	NA	NA	NA	NA	NA	NA	NA	NA	NA	NA	NA	NA	NA	NA	NA	NA	NA
82	20	36808578	62918361	0.501858036162281	1	0.00984402109458128	2.0316920431863	1	1	1	NA	NA	NA	NA	NA	NA	NA	NA	NA	NA	NA	NA	NA	NA	NA	NA	NA	NA	NA	NA	NA	NA	NA	NA	NA	NA	NA	NA	NA	NA	NA	NA	NA	NA	NA	NA	NA	NA	NA	NA	NA	NA	NA	NA	NA	NA	NA	NA	NA	NA	NA	NA	NA	NA	NA	NA	NA
85	X	1453839	2699246	0.961400059931153	1	-0.786962619013688	1.13402633640397	1	0	1	NA	NA	NA	NA	NA	NA	NA	NA	NA	NA	NA	NA	NA	NA	NA	NA	NA	NA	NA	NA	NA	NA	NA	NA	NA	NA	NA	NA	NA	NA	NA	NA	NA	NA	NA	NA	NA	NA	NA	NA	NA	NA	NA	NA	NA	NA	NA	NA	NA	NA	NA	NA	NA	NA	NA	NA	NA
3	1	78107874	145378044	0.933293038813964	1	-0.946922943946054	1.14170475535229	1	0	1	NA	NA	NA	NA	NA	NA	NA	NA	NA	NA	NA	NA	NA	NA	NA	NA	NA	NA	NA	NA	NA	NA	NA	NA	NA	NA	NA	NA	NA	NA	NA	NA	NA	NA	NA	NA	NA	NA	NA	NA	NA	NA	NA	NA	NA	NA	NA	NA	NA	NA	NA	NA	NA	NA	NA	NA	NA
4	1	145399296	249223485	0.977297299657626	1	0.647741928013841	3.29829564752536	3	0	1	NA	NA	NA	NA	NA	NA	NA	NA	NA	NA	NA	NA	NA	NA	NA	NA	NA	NA	NA	NA	NA	NA	NA	NA	NA	NA	NA	NA	NA	NA	NA	NA	NA	NA	NA	NA	NA	NA	NA	NA	NA	NA	NA	NA	NA	NA	NA	NA	NA	NA	NA	NA	NA	NA	NA	NA	NA
7	2	17914318	154888994	0.501079852640169	1	-0.0455160084199746	1.98159147225507	1	1	1	NA	NA	NA	NA	NA	NA	NA	NA	NA	NA	NA	NA	NA	NA	NA	NA	NA	NA	NA	NA	NA	NA	NA	NA	NA	NA	NA	NA	NA	NA	NA	NA	NA	NA	NA	NA	NA	NA	NA	NA	NA	NA	NA	NA	NA	NA	NA	NA	NA	NA	NA	NA	NA	NA	NA	NA	NA
9	2	155077962	209911013	0.501709408116704	1	-0.0522197898733718	1.97169709557227	1	1	1	NA	NA	NA	NA	NA	NA	NA	NA	NA	NA	NA	NA	NA	NA	NA	NA	NA	NA	NA	NA	NA	NA	NA	NA	NA	NA	NA	NA	NA	NA	NA	NA	NA	NA	NA	NA	NA	NA	NA	NA	NA	NA	NA	NA	NA	NA	NA	NA	NA	NA	NA	NA	NA	NA	NA	NA	NA
11	3	60596	197846280	0.502360466577216	1	-0.0403551637695158	1.98923995028988	1	1	1	NA	NA	NA	NA	NA	NA	NA	NA	NA	NA	NA	NA	NA	NA	NA	NA	NA	NA	NA	NA	NA	NA	NA	NA	NA	NA	NA	NA	NA	NA	NA	NA	NA	NA	NA	NA	NA	NA	NA	NA	NA	NA	NA	NA	NA	NA	NA	NA	NA	NA	NA	NA	NA	NA	NA	NA	NA
14	4	92199795	190228326	0.501375032332472	1	-0.071995796050723	1.94277534436971	1	1	1	NA	NA	NA	NA	NA	NA	NA	NA	NA	NA	NA	NA	NA	NA	NA	NA	NA	NA	NA	NA	NA	NA	NA	NA	NA	NA	NA	NA	NA	NA	NA	NA	NA	NA	NA	NA	NA	NA	NA	NA	NA	NA	NA	NA	NA	NA	NA	NA	NA	NA	NA	NA	NA	NA	NA	NA	NA
18	5	5393395	167515204	0.501114690913648	1	-0.0553607895717712	1.96707696345297	1	1	1	NA	NA	NA	NA	NA	NA	NA	NA	NA	NA	NA	NA	NA	NA	NA	NA	NA	NA	NA	NA	NA	NA	NA	NA	NA	NA	NA	NA	NA	NA	NA	NA	NA	NA	NA	NA	NA	NA	NA	NA	NA	NA	NA	NA	NA	NA	NA	NA	NA	NA	NA	NA	NA	NA	NA	NA	NA
19	5	167563392	180714439	0.931779102139408	1	-0.894304848333047	1.03237109466218	1	0	1	NA	NA	NA	NA	NA	NA	NA	NA	NA	NA	NA	NA	NA	NA	NA	NA	NA	NA	NA	NA	NA	NA	NA	NA	NA	NA	NA	NA	NA	NA	NA	NA	NA	NA	NA	NA	NA	NA	NA	NA	NA	NA	NA	NA	NA	NA	NA	NA	NA	NA	NA	NA	NA	NA	NA	NA	NA
20	6	202777	170878886	0.501344486643355	1	-0.0390533406197656	1.99117360417134	1	1	1	NA	NA	NA	NA	NA	NA	NA	NA	NA	NA	NA	NA	NA	NA	NA	NA	NA	NA	NA	NA	NA	NA	NA	NA	NA	NA	NA	NA	NA	NA	NA	NA	NA	NA	NA	NA	NA	NA	NA	NA	NA	NA	NA	NA	NA	NA	NA	NA	NA	NA	NA	NA	NA	NA	NA	NA	NA
21	7	80500	10642676	0.527028523504022	0.0000000000000000000000000000000000000000000000000000000000000000000000000000000000000000000000000000000000000000000000000000000000000000000000000000000000000000000000000000000000000000000000000000000000000000000000000000000000000000000000000000000000000000000000000000000000000000000000280994383702404	-0.067034974957518	1.9499931713603	1	0	0.110400174647268	1	1	0.889599825352732	0.00278195735665154	0.00285171516788689	0.104799513533938	0.115744934534943	1	0	0.555200087323634	1	2	0.444799912676366	0.00139097867832566	0.00142585758394344	0.552399756766969	0.557872467267471	1	1	0.87698192400524	2	1	0.12301807599476	0.0034542121163596	0.00348476827882272	0.87015219844027	0.884145995538297	0	1	0.43849096200262	2	1	0.56150903799738	0.00172710605817986	0.00172279217012013	0.434817188765801	0.441789591752491	1	1	0.938490962002621	3	1	0.0615090379973793	0.00172710605817977	0.00172279217012013	0.934817188765801	0.941789591752491	NA	NA	NA	NA	NA	NA	NA	NA	NA	NA
22	7	10645892	110246294	0.500807036747938	1	-0.0358800678857676	1.99589431927081	1	1	1	NA	NA	NA	NA	NA	NA	NA	NA	NA	NA	NA	NA	NA	NA	NA	NA	NA	NA	NA	NA	NA	NA	NA	NA	NA	NA	NA	NA	NA	NA	NA	NA	NA	NA	NA	NA	NA	NA	NA	NA	NA	NA	NA	NA	NA	NA	NA	NA	NA	NA	NA	NA	NA	NA	NA	NA	NA
23	7	110258548	159114266	0.524318087518555	0	0.04898643296049	2.12607619403566	1	1	0.889948912616571	2	1	0.110051087383429	0.00181105237314549	0.00180269672163095	0.886254994409968	0.89331864228572	0	1	0.444974456308286	2	1	0.555025543691714	0.000905526186572747	0.000917853592709355	0.443226063661713	0.446782918926566	1	1	0.944974456308285	3	1	0.0550255436917145	0.000905526186572747	0.000929132138421009	0.943166252869903	0.946879675514662	2	1	0.192603477084411	2	2	0.807396522915589	0.00287556072736733	0.00282577215862825	0.18668284968865	0.197734675659758	2	0	0.0963017385422053	2	2	0.903698261457795	0.00143778036368362	0.00149609573177	0.0935761782974837	0.0993477944587772	2	1	0.596301738542205	2	3	0.403698261457795	0.00143778036368364	0.00145983568899091	0.593411131440737	0.599185523240859
24	8	155757	36459009	0.933388951229839	1	-0.912246237902453	1.01772490184639	1	0	1	NA	NA	NA	NA	NA	NA	NA	NA	NA	NA	NA	NA	NA	NA	NA	NA	NA	NA	NA	NA	NA	NA	NA	NA	NA	NA	NA	NA	NA	NA	NA	NA	NA	NA	NA	NA	NA	NA	NA	NA	NA	NA	NA	NA	NA	NA	NA	NA	NA	NA	NA	NA	NA	NA	NA	NA	NA
25	8	36519146	51440704	0.501876941389206	1	-0.00160023884017133	2.04755812811415	1	1	1	NA	NA	NA	NA	NA	NA	NA	NA	NA	NA	NA	NA	NA	NA	NA	NA	NA	NA	NA	NA	NA	NA	NA	NA	NA	NA	NA	NA	NA	NA	NA	NA	NA	NA	NA	NA	NA	NA	NA	NA	NA	NA	NA	NA	NA	NA	NA	NA	NA	NA	NA	NA	NA	NA	NA	NA	NA
27	8	51649025	71353259	0.501610538227177	1	-0.0399000268572545	1.98991578634317	1	1	1	NA	NA	NA	NA	NA	NA	NA	NA	NA	NA	NA	NA	NA	NA	NA	NA	NA	NA	NA	NA	NA	NA	NA	NA	NA	NA	NA	NA	NA	NA	NA	NA	NA	NA	NA	NA	NA	NA	NA	NA	NA	NA	NA	NA	NA	NA	NA	NA	NA	NA	NA	NA	NA	NA	NA	NA	NA
34	10	150922	135192579	0.501299491853039	1	-0.0324561051859824	2.00099963273894	1	1	1	NA	NA	NA	NA	NA	NA	NA	NA	NA	NA	NA	NA	NA	NA	NA	NA	NA	NA	NA	NA	NA	NA	NA	NA	NA	NA	NA	NA	NA	NA	NA	NA	NA	NA	NA	NA	NA	NA	NA	NA	NA	NA	NA	NA	NA	NA	NA	NA	NA	NA	NA	NA	NA	NA	NA	NA	NA
40	11	19007118	87023722	0.501505709910289	1	-0.0320520189073975	2.00160294697048	1	1	1	NA	NA	NA	NA	NA	NA	NA	NA	NA	NA	NA	NA	NA	NA	NA	NA	NA	NA	NA	NA	NA	NA	NA	NA	NA	NA	NA	NA	NA	NA	NA	NA	NA	NA	NA	NA	NA	NA	NA	NA	NA	NA	NA	NA	NA	NA	NA	NA	NA	NA	NA	NA	NA	NA	NA	NA	NA
42	11	87620816	111037349	0.500811872901701	1	-0.0744605374525908	1.93919844729426	1	1	1	NA	NA	NA	NA	NA	NA	NA	NA	NA	NA	NA	NA	NA	NA	NA	NA	NA	NA	NA	NA	NA	NA	NA	NA	NA	NA	NA	NA	NA	NA	NA	NA	NA	NA	NA	NA	NA	NA	NA	NA	NA	NA	NA	NA	NA	NA	NA	NA	NA	NA	NA	NA	NA	NA	NA	NA	NA
45	12	17546368	133839356	0.501906507878852	1	-0.0263596508240626	2.01011982307374	1	1	1	NA	NA	NA	NA	NA	NA	NA	NA	NA	NA	NA	NA	NA	NA	NA	NA	NA	NA	NA	NA	NA	NA	NA	NA	NA	NA	NA	NA	NA	NA	NA	NA	NA	NA	NA	NA	NA	NA	NA	NA	NA	NA	NA	NA	NA	NA	NA	NA	NA	NA	NA	NA	NA	NA	NA	NA	NA
46	13	19449788	38433152	0.933518541820823	1	-0.932174067712359	1.00166919444364	1	0	1	NA	NA	NA	NA	NA	NA	NA	NA	NA	NA	NA	NA	NA	NA	NA	NA	NA	NA	NA	NA	NA	NA	NA	NA	NA	NA	NA	NA	NA	NA	NA	NA	NA	NA	NA	NA	NA	NA	NA	NA	NA	NA	NA	NA	NA	NA	NA	NA	NA	NA	NA	NA	NA	NA	NA	NA	NA
47	13	38449017	68958181	0.963547507593912	1	-0.105057493185876	2.21601361476044	2	0	1	NA	NA	NA	NA	NA	NA	NA	NA	NA	NA	NA	NA	NA	NA	NA	NA	NA	NA	NA	NA	NA	NA	NA	NA	NA	NA	NA	NA	NA	NA	NA	NA	NA	NA	NA	NA	NA	NA	NA	NA	NA	NA	NA	NA	NA	NA	NA	NA	NA	NA	NA	NA	NA	NA	NA	NA	NA
48	13	68966369	83586261	0.93157275754763	1	-0.975281446648028	0.967687422932239	1	0	1	NA	NA	NA	NA	NA	NA	NA	NA	NA	NA	NA	NA	NA	NA	NA	NA	NA	NA	NA	NA	NA	NA	NA	NA	NA	NA	NA	NA	NA	NA	NA	NA	NA	NA	NA	NA	NA	NA	NA	NA	NA	NA	NA	NA	NA	NA	NA	NA	NA	NA	NA	NA	NA	NA	NA	NA	NA
49	13	83613912	114994813	0.963096154218444	1	-0.0630721579344505	1.95577679450296	2	0	1	NA	NA	NA	NA	NA	NA	NA	NA	NA	NA	NA	NA	NA	NA	NA	NA	NA	NA	NA	NA	NA	NA	NA	NA	NA	NA	NA	NA	NA	NA	NA	NA	NA	NA	NA	NA	NA	NA	NA	NA	NA	NA	NA	NA	NA	NA	NA	NA	NA	NA	NA	NA	NA	NA	NA	NA	NA
50	14	20476245	93703854	0.50137414900154	1	-0.0358902605308641	1.99587913956703	1	1	1	NA	NA	NA	NA	NA	NA	NA	NA	NA	NA	NA	NA	NA	NA	NA	NA	NA	NA	NA	NA	NA	NA	NA	NA	NA	NA	NA	NA	NA	NA	NA	NA	NA	NA	NA	NA	NA	NA	NA	NA	NA	NA	NA	NA	NA	NA	NA	NA	NA	NA	NA	NA	NA	NA	NA	NA	NA
51	14	93705124	96382486	0.656379519881909	1	0.544431233023797	3.05981292663464	2	1	1	NA	NA	NA	NA	NA	NA	NA	NA	NA	NA	NA	NA	NA	NA	NA	NA	NA	NA	NA	NA	NA	NA	NA	NA	NA	NA	NA	NA	NA	NA	NA	NA	NA	NA	NA	NA	NA	NA	NA	NA	NA	NA	NA	NA	NA	NA	NA	NA	NA	NA	NA	NA	NA	NA	NA	NA	NA
53	14	96745999	106021697	0.654821854263982	1	0.579635862495844	3.13916867918128	2	1	1	NA	NA	NA	NA	NA	NA	NA	NA	NA	NA	NA	NA	NA	NA	NA	NA	NA	NA	NA	NA	NA	NA	NA	NA	NA	NA	NA	NA	NA	NA	NA	NA	NA	NA	NA	NA	NA	NA	NA	NA	NA	NA	NA	NA	NA	NA	NA	NA	NA	NA	NA	NA	NA	NA	NA	NA	NA
54	14	106022483	107231369	0.522971452157958	0.0063728315282885	-0.533459373569289	1.36913978079737	1	0	0.0945566389933173	1	1	0.905443361006683	0.0323357388473436	0.0316263351987073	0.0340246808779251	0.160244091128393	1	0	0.547278319496659	1	2	0.452721680503341	0.0161678694236718	0.0158131675993536	0.517012340438962	0.580122045564196	0	0	0.992647151820447	1	0	0.00735284817955251	0.00275677684104225	0.00271889927359324	0.986604070370285	0.997379703668174	0	0	0.996323575910224	2	0	0.0036764240897762	0.00137838842052096	0.00135944963679662	0.993302035185142	0.998689851834087	NA	NA	NA	NA	NA	NA	NA	NA	NA	NA	NA	NA	NA	NA	NA	NA	NA	NA	NA	NA
56	15	32879199	102347662	0.657658992391548	1	0.530060073371483	3.02797098283138	2	1	1	NA	NA	NA	NA	NA	NA	NA	NA	NA	NA	NA	NA	NA	NA	NA	NA	NA	NA	NA	NA	NA	NA	NA	NA	NA	NA	NA	NA	NA	NA	NA	NA	NA	NA	NA	NA	NA	NA	NA	NA	NA	NA	NA	NA	NA	NA	NA	NA	NA	NA	NA	NA	NA	NA	NA	NA	NA
57	16	94080	11064321	0.5027483839207	1	0.0453553551316295	2.12034804338263	1	1	1	NA	NA	NA	NA	NA	NA	NA	NA	NA	NA	NA	NA	NA	NA	NA	NA	NA	NA	NA	NA	NA	NA	NA	NA	NA	NA	NA	NA	NA	NA	NA	NA	NA	NA	NA	NA	NA	NA	NA	NA	NA	NA	NA	NA	NA	NA	NA	NA	NA	NA	NA	NA	NA	NA	NA	NA	NA
59	16	11237184	35272667	0.502054052887624	1	0.0208843739996512	2.08211793173565	1	1	1	NA	NA	NA	NA	NA	NA	NA	NA	NA	NA	NA	NA	NA	NA	NA	NA	NA	NA	NA	NA	NA	NA	NA	NA	NA	NA	NA	NA	NA	NA	NA	NA	NA	NA	NA	NA	NA	NA	NA	NA	NA	NA	NA	NA	NA	NA	NA	NA	NA	NA	NA	NA	NA	NA	NA	NA	NA
61	17	154755	7458795	0.501744487990316	1	0.115067827009997	2.23288048280414	1	1	1	NA	NA	NA	NA	NA	NA	NA	NA	NA	NA	NA	NA	NA	NA	NA	NA	NA	NA	NA	NA	NA	NA	NA	NA	NA	NA	NA	NA	NA	NA	NA	NA	NA	NA	NA	NA	NA	NA	NA	NA	NA	NA	NA	NA	NA	NA	NA	NA	NA	NA	NA	NA	NA	NA	NA	NA	NA
62	17	7460517	19622643	0.808694370519367	0	-0.692161808744833	1.21061138035779	1	0	0.821723767274295	1	1	0.178276232725705	0.00131362910319316	0.00132066549832723	0.819175788094059	0.824365986928716	1	0	0.910861883637147	1	2	0.0891381163628525	0.000656814551596607	0.000660332749163612	0.90958789404703	0.912182993464358	2	0	0.585162667735824	2	1	0.414837332264176	0.00253408249409665	0.00250674975225994	0.580277457085676	0.589711226652912	2	0	0.792581333867912	2	2	0.207418666132088	0.00126704124704846	0.00125337487612997	0.790138728542838	0.794855613326456	NA	NA	NA	NA	NA	NA	NA	NA	NA	NA	NA	NA	NA	NA	NA	NA	NA	NA	NA	NA
63	17	19641321	79984621	0.500898661100503	1	0.0413792950962633	2.11409218596747	1	1	1	NA	NA	NA	NA	NA	NA	NA	NA	NA	NA	NA	NA	NA	NA	NA	NA	NA	NA	NA	NA	NA	NA	NA	NA	NA	NA	NA	NA	NA	NA	NA	NA	NA	NA	NA	NA	NA	NA	NA	NA	NA	NA	NA	NA	NA	NA	NA	NA	NA	NA	NA	NA	NA	NA	NA	NA	NA
65	19	226776	59097308	0.501938014210267	1	0.121181219220514	2.24301074098757	1	1	1	NA	NA	NA	NA	NA	NA	NA	NA	NA	NA	NA	NA	NA	NA	NA	NA	NA	NA	NA	NA	NA	NA	NA	NA	NA	NA	NA	NA	NA	NA	NA	NA	NA	NA	NA	NA	NA	NA	NA	NA	NA	NA	NA	NA	NA	NA	NA	NA	NA	NA	NA	NA	NA	NA	NA	NA	NA
68	20	36808578	62918361	0.502390718417432	1	0.00734281090419925	2.06123949817981	1	1	1	NA	NA	NA	NA	NA	NA	NA	NA	NA	NA	NA	NA	NA	NA	NA	NA	NA	NA	NA	NA	NA	NA	NA	NA	NA	NA	NA	NA	NA	NA	NA	NA	NA	NA	NA	NA	NA	NA	NA	NA	NA	NA	NA	NA	NA	NA	NA	NA	NA	NA	NA	NA	NA	NA	NA	NA	NA
71	X	1453839	155249621	0.933054421267856	1	-0.0692070259583896	1.94682985592662	1	0	1	NA	NA	NA	NA	NA	NA	NA	NA	NA	NA	NA	NA	NA	NA	NA	NA	NA	NA	NA	NA	NA	NA	NA	NA	NA	NA	NA	NA	NA	NA	NA	NA	NA	NA	NA	NA	NA	NA	NA	NA	NA	NA	NA	NA	NA	NA	NA	NA	NA	NA	NA	NA	NA	NA	NA	NA	NA
3	1	78107874	145438067	0.97824192258844	1	-0.975349013930199	1.55204157449055	1	0	1	NA	NA	NA	NA	NA	NA	NA	NA	NA	NA	NA	NA	NA	NA	NA	NA	NA	NA	NA	NA	NA	NA	NA	NA	NA	NA	NA	NA	NA	NA	NA	NA	NA	NA	NA	NA	NA	NA	NA	NA	NA	NA	NA	NA	NA	NA	NA	NA	NA	NA	NA	NA	NA	NA	NA	NA	NA
4	1	145548981	249223485	0.990862310502504	1	0.415553700055741	2.75388357948304	3	0	1	NA	NA	NA	NA	NA	NA	NA	NA	NA	NA	NA	NA	NA	NA	NA	NA	NA	NA	NA	NA	NA	NA	NA	NA	NA	NA	NA	NA	NA	NA	NA	NA	NA	NA	NA	NA	NA	NA	NA	NA	NA	NA	NA	NA	NA	NA	NA	NA	NA	NA	NA	NA	NA	NA	NA	NA	NA
7	2	17914318	209911013	0.501137915494672	1	-0.0197864366658376	2.02360394938581	1	1	1	NA	NA	NA	NA	NA	NA	NA	NA	NA	NA	NA	NA	NA	NA	NA	NA	NA	NA	NA	NA	NA	NA	NA	NA	NA	NA	NA	NA	NA	NA	NA	NA	NA	NA	NA	NA	NA	NA	NA	NA	NA	NA	NA	NA	NA	NA	NA	NA	NA	NA	NA	NA	NA	NA	NA	NA	NA
9	3	60596	197846280	0.501332689471568	1	-0.0200443686737001	2.02323330689073	1	1	1	NA	NA	NA	NA	NA	NA	NA	NA	NA	NA	NA	NA	NA	NA	NA	NA	NA	NA	NA	NA	NA	NA	NA	NA	NA	NA	NA	NA	NA	NA	NA	NA	NA	NA	NA	NA	NA	NA	NA	NA	NA	NA	NA	NA	NA	NA	NA	NA	NA	NA	NA	NA	NA	NA	NA	NA	NA
12	4	92199795	184024386	0.501031850791456	1	-0.0188838613301742	2.02490145161804	1	1	1	NA	NA	NA	NA	NA	NA	NA	NA	NA	NA	NA	NA	NA	NA	NA	NA	NA	NA	NA	NA	NA	NA	NA	NA	NA	NA	NA	NA	NA	NA	NA	NA	NA	NA	NA	NA	NA	NA	NA	NA	NA	NA	NA	NA	NA	NA	NA	NA	NA	NA	NA	NA	NA	NA	NA	NA	NA
14	4	184261884	190245276	0.501734168311841	1	-0.0237792848849221	2.01787373658387	1	1	1	NA	NA	NA	NA	NA	NA	NA	NA	NA	NA	NA	NA	NA	NA	NA	NA	NA	NA	NA	NA	NA	NA	NA	NA	NA	NA	NA	NA	NA	NA	NA	NA	NA	NA	NA	NA	NA	NA	NA	NA	NA	NA	NA	NA	NA	NA	NA	NA	NA	NA	NA	NA	NA	NA	NA	NA	NA
18	5	5393395	180714439	0.501143598936495	1	-0.0178899987263593	2.02633112373002	1	1	1	NA	NA	NA	NA	NA	NA	NA	NA	NA	NA	NA	NA	NA	NA	NA	NA	NA	NA	NA	NA	NA	NA	NA	NA	NA	NA	NA	NA	NA	NA	NA	NA	NA	NA	NA	NA	NA	NA	NA	NA	NA	NA	NA	NA	NA	NA	NA	NA	NA	NA	NA	NA	NA	NA	NA	NA	NA
19	6	202777	31222694	0.662270364893025	1	0.554766680262271	3.03789845429612	2	1	1	NA	NA	NA	NA	NA	NA	NA	NA	NA	NA	NA	NA	NA	NA	NA	NA	NA	NA	NA	NA	NA	NA	NA	NA	NA	NA	NA	NA	NA	NA	NA	NA	NA	NA	NA	NA	NA	NA	NA	NA	NA	NA	NA	NA	NA	NA	NA	NA	NA	NA	NA	NA	NA	NA	NA	NA	NA
20	6	31572644	170878886	0.501213774380488	1	-0.0157839365094189	2.02936395261737	1	1	1	NA	NA	NA	NA	NA	NA	NA	NA	NA	NA	NA	NA	NA	NA	NA	NA	NA	NA	NA	NA	NA	NA	NA	NA	NA	NA	NA	NA	NA	NA	NA	NA	NA	NA	NA	NA	NA	NA	NA	NA	NA	NA	NA	NA	NA	NA	NA	NA	NA	NA	NA	NA	NA	NA	NA	NA	NA
21	7	80500	85572182	0.501177436752622	1	-0.0165624122407534	2.02824239503008	1	1	1	NA	NA	NA	NA	NA	NA	NA	NA	NA	NA	NA	NA	NA	NA	NA	NA	NA	NA	NA	NA	NA	NA	NA	NA	NA	NA	NA	NA	NA	NA	NA	NA	NA	NA	NA	NA	NA	NA	NA	NA	NA	NA	NA	NA	NA	NA	NA	NA	NA	NA	NA	NA	NA	NA	NA	NA	NA
22	7	85611089	127357644	0.663615331157029	1	0.560289865645558	3.04974161777187	2	1	1	NA	NA	NA	NA	NA	NA	NA	NA	NA	NA	NA	NA	NA	NA	NA	NA	NA	NA	NA	NA	NA	NA	NA	NA	NA	NA	NA	NA	NA	NA	NA	NA	NA	NA	NA	NA	NA	NA	NA	NA	NA	NA	NA	NA	NA	NA	NA	NA	NA	NA	NA	NA	NA	NA	NA	NA	NA
23	7	127360225	129420034	0.509572629271222	1	0.040051767188341	2.11140607293412	1	1	1	NA	NA	NA	NA	NA	NA	NA	NA	NA	NA	NA	NA	NA	NA	NA	NA	NA	NA	NA	NA	NA	NA	NA	NA	NA	NA	NA	NA	NA	NA	NA	NA	NA	NA	NA	NA	NA	NA	NA	NA	NA	NA	NA	NA	NA	NA	NA	NA	NA	NA	NA	NA	NA	NA	NA	NA	NA
24	7	129422494	159114266	0.661156381764387	1	0.552598618584103	3.03326193721182	2	1	1	NA	NA	NA	NA	NA	NA	NA	NA	NA	NA	NA	NA	NA	NA	NA	NA	NA	NA	NA	NA	NA	NA	NA	NA	NA	NA	NA	NA	NA	NA	NA	NA	NA	NA	NA	NA	NA	NA	NA	NA	NA	NA	NA	NA	NA	NA	NA	NA	NA	NA	NA	NA	NA	NA	NA	NA	NA
25	8	155757	36459009	0.978045672049076	1	-0.991578274289542	1.53772353278365	1	0	1	NA	NA	NA	NA	NA	NA	NA	NA	NA	NA	NA	NA	NA	NA	NA	NA	NA	NA	NA	NA	NA	NA	NA	NA	NA	NA	NA	NA	NA	NA	NA	NA	NA	NA	NA	NA	NA	NA	NA	NA	NA	NA	NA	NA	NA	NA	NA	NA	NA	NA	NA	NA	NA	NA	NA	NA	NA
26	8	36519146	51440704	0.503147833444611	1	-0.00745745533032069	2.04139792566081	1	1	1	NA	NA	NA	NA	NA	NA	NA	NA	NA	NA	NA	NA	NA	NA	NA	NA	NA	NA	NA	NA	NA	NA	NA	NA	NA	NA	NA	NA	NA	NA	NA	NA	NA	NA	NA	NA	NA	NA	NA	NA	NA	NA	NA	NA	NA	NA	NA	NA	NA	NA	NA	NA	NA	NA	NA	NA	NA
28	8	51649025	71353259	0.500941390573314	1	-0.0166757305149838	2.02807918673883	1	1	1	NA	NA	NA	NA	NA	NA	NA	NA	NA	NA	NA	NA	NA	NA	NA	NA	NA	NA	NA	NA	NA	NA	NA	NA	NA	NA	NA	NA	NA	NA	NA	NA	NA	NA	NA	NA	NA	NA	NA	NA	NA	NA	NA	NA	NA	NA	NA	NA	NA	NA	NA	NA	NA	NA	NA	NA	NA
35	10	150922	42525269	0.501567527354514	1	-0.0166190827592507	2.02816077288983	1	1	1	NA	NA	NA	NA	NA	NA	NA	NA	NA	NA	NA	NA	NA	NA	NA	NA	NA	NA	NA	NA	NA	NA	NA	NA	NA	NA	NA	NA	NA	NA	NA	NA	NA	NA	NA	NA	NA	NA	NA	NA	NA	NA	NA	NA	NA	NA	NA	NA	NA	NA	NA	NA	NA	NA	NA	NA	NA
36	10	42604396	135192579	0.97632579413452	1	-1.00173983997925	1.42240065228888	1	0	1	NA	NA	NA	NA	NA	NA	NA	NA	NA	NA	NA	NA	NA	NA	NA	NA	NA	NA	NA	NA	NA	NA	NA	NA	NA	NA	NA	NA	NA	NA	NA	NA	NA	NA	NA	NA	NA	NA	NA	NA	NA	NA	NA	NA	NA	NA	NA	NA	NA	NA	NA	NA	NA	NA	NA	NA	NA
42	11	19007118	111040637	0.50145483024184	1	-0.0181372976769178	2.02597529195229	1	1	1	NA	NA	NA	NA	NA	NA	NA	NA	NA	NA	NA	NA	NA	NA	NA	NA	NA	NA	NA	NA	NA	NA	NA	NA	NA	NA	NA	NA	NA	NA	NA	NA	NA	NA	NA	NA	NA	NA	NA	NA	NA	NA	NA	NA	NA	NA	NA	NA	NA	NA	NA	NA	NA	NA	NA	NA	NA
45	12	17546368	133839356	0.50153710419777	1	-0.0121815960376782	2.03456176671844	1	1	1	NA	NA	NA	NA	NA	NA	NA	NA	NA	NA	NA	NA	NA	NA	NA	NA	NA	NA	NA	NA	NA	NA	NA	NA	NA	NA	NA	NA	NA	NA	NA	NA	NA	NA	NA	NA	NA	NA	NA	NA	NA	NA	NA	NA	NA	NA	NA	NA	NA	NA	NA	NA	NA	NA	NA	NA	NA
46	13	19449788	114994813	0.984881831297198	1	-0.383694842279436	2.25552817953604	2	0	1	NA	NA	NA	NA	NA	NA	NA	NA	NA	NA	NA	NA	NA	NA	NA	NA	NA	NA	NA	NA	NA	NA	NA	NA	NA	NA	NA	NA	NA	NA	NA	NA	NA	NA	NA	NA	NA	NA	NA	NA	NA	NA	NA	NA	NA	NA	NA	NA	NA	NA	NA	NA	NA	NA	NA	NA	NA
47	14	20476245	107231369	0.50124938697826	1	-0.0302319317054926	2.00864687801338	1	1	1	NA	NA	NA	NA	NA	NA	NA	NA	NA	NA	NA	NA	NA	NA	NA	NA	NA	NA	NA	NA	NA	NA	NA	NA	NA	NA	NA	NA	NA	NA	NA	NA	NA	NA	NA	NA	NA	NA	NA	NA	NA	NA	NA	NA	NA	NA	NA	NA	NA	NA	NA	NA	NA	NA	NA	NA	NA
49	15	32879199	102347662	0.65989350997376	1	0.536146675718913	2.99830469639979	2	1	1	NA	NA	NA	NA	NA	NA	NA	NA	NA	NA	NA	NA	NA	NA	NA	NA	NA	NA	NA	NA	NA	NA	NA	NA	NA	NA	NA	NA	NA	NA	NA	NA	NA	NA	NA	NA	NA	NA	NA	NA	NA	NA	NA	NA	NA	NA	NA	NA	NA	NA	NA	NA	NA	NA	NA	NA	NA
50	16	94080	35272667	0.502143679052188	1	-0.0128793618305539	2.03355394727221	1	1	1	NA	NA	NA	NA	NA	NA	NA	NA	NA	NA	NA	NA	NA	NA	NA	NA	NA	NA	NA	NA	NA	NA	NA	NA	NA	NA	NA	NA	NA	NA	NA	NA	NA	NA	NA	NA	NA	NA	NA	NA	NA	NA	NA	NA	NA	NA	NA	NA	NA	NA	NA	NA	NA	NA	NA	NA	NA
52	17	154755	79984621	0.501593138199387	1	-0.00384382605050412	2.04664222898178	1	1	1	NA	NA	NA	NA	NA	NA	NA	NA	NA	NA	NA	NA	NA	NA	NA	NA	NA	NA	NA	NA	NA	NA	NA	NA	NA	NA	NA	NA	NA	NA	NA	NA	NA	NA	NA	NA	NA	NA	NA	NA	NA	NA	NA	NA	NA	NA	NA	NA	NA	NA	NA	NA	NA	NA	NA	NA	NA
54	19	226776	59097308	0.502590531915005	1	0.00925795158969273	2.06576680116641	1	1	1	NA	NA	NA	NA	NA	NA	NA	NA	NA	NA	NA	NA	NA	NA	NA	NA	NA	NA	NA	NA	NA	NA	NA	NA	NA	NA	NA	NA	NA	NA	NA	NA	NA	NA	NA	NA	NA	NA	NA	NA	NA	NA	NA	NA	NA	NA	NA	NA	NA	NA	NA	NA	NA	NA	NA	NA	NA
57	20	36808578	62902123	0.501759004428744	1	-0.0256028979759239	2.0152619055624	1	1	1	NA	NA	NA	NA	NA	NA	NA	NA	NA	NA	NA	NA	NA	NA	NA	NA	NA	NA	NA	NA	NA	NA	NA	NA	NA	NA	NA	NA	NA	NA	NA	NA	NA	NA	NA	NA	NA	NA	NA	NA	NA	NA	NA	NA	NA	NA	NA	NA	NA	NA	NA	NA	NA	NA	NA	NA	NA
60	X	1453839	155220861	0.977979684252557	1	-0.0371408716794308	1.99881319234621	1	0	1	NA	NA	NA	NA	NA	NA	NA	NA	NA	NA	NA	NA	NA	NA	NA	NA	NA	NA	NA	NA	NA	NA	NA	NA	NA	NA	NA	NA	NA	NA	NA	NA	NA	NA	NA	NA	NA	NA	NA	NA	NA	NA	NA	NA	NA	NA	NA	NA	NA	NA	NA	NA	NA	NA	NA	NA	NA
3	1	78107874	145378044	0.952918862221722	1	-0.945932465002746	1.22371701300285	1	0	1	NA	NA	NA	NA	NA	NA	NA	NA	NA	NA	NA	NA	NA	NA	NA	NA	NA	NA	NA	NA	NA	NA	NA	NA	NA	NA	NA	NA	NA	NA	NA	NA	NA	NA	NA	NA	NA	NA	NA	NA	NA	NA	NA	NA	NA	NA	NA	NA	NA	NA	NA	NA	NA	NA	NA	NA	NA
4	1	145399296	249223485	0.982955066811328	1	0.518964132645041	3.5653765201849	3	0	1	NA	NA	NA	NA	NA	NA	NA	NA	NA	NA	NA	NA	NA	NA	NA	NA	NA	NA	NA	NA	NA	NA	NA	NA	NA	NA	NA	NA	NA	NA	NA	NA	NA	NA	NA	NA	NA	NA	NA	NA	NA	NA	NA	NA	NA	NA	NA	NA	NA	NA	NA	NA	NA	NA	NA	NA	NA
7	2	17914318	209911013	0.50121250364703	1	-0.0186483835213179	1.99503804308685	1	1	1	NA	NA	NA	NA	NA	NA	NA	NA	NA	NA	NA	NA	NA	NA	NA	NA	NA	NA	NA	NA	NA	NA	NA	NA	NA	NA	NA	NA	NA	NA	NA	NA	NA	NA	NA	NA	NA	NA	NA	NA	NA	NA	NA	NA	NA	NA	NA	NA	NA	NA	NA	NA	NA	NA	NA	NA	NA
9	3	60596	197846280	0.501530648519238	1	-0.024457373837709	1.98659876132772	1	1	1	NA	NA	NA	NA	NA	NA	NA	NA	NA	NA	NA	NA	NA	NA	NA	NA	NA	NA	NA	NA	NA	NA	NA	NA	NA	NA	NA	NA	NA	NA	NA	NA	NA	NA	NA	NA	NA	NA	NA	NA	NA	NA	NA	NA	NA	NA	NA	NA	NA	NA	NA	NA	NA	NA	NA	NA	NA
12	4	92199795	190228326	0.501043585986734	1	-0.0370068241363334	1.9684825494071	1	1	1	NA	NA	NA	NA	NA	NA	NA	NA	NA	NA	NA	NA	NA	NA	NA	NA	NA	NA	NA	NA	NA	NA	NA	NA	NA	NA	NA	NA	NA	NA	NA	NA	NA	NA	NA	NA	NA	NA	NA	NA	NA	NA	NA	NA	NA	NA	NA	NA	NA	NA	NA	NA	NA	NA	NA	NA	NA
16	5	5393395	96214659	0.50050834483038	1	-0.0249916775970404	1.98582423174093	1	1	1	NA	NA	NA	NA	NA	NA	NA	NA	NA	NA	NA	NA	NA	NA	NA	NA	NA	NA	NA	NA	NA	NA	NA	NA	NA	NA	NA	NA	NA	NA	NA	NA	NA	NA	NA	NA	NA	NA	NA	NA	NA	NA	NA	NA	NA	NA	NA	NA	NA	NA	NA	NA	NA	NA	NA	NA	NA
18	5	96257829	109236788	0.50064044638442	1	-0.0286617504292242	1.98051181962874	1	1	1	NA	NA	NA	NA	NA	NA	NA	NA	NA	NA	NA	NA	NA	NA	NA	NA	NA	NA	NA	NA	NA	NA	NA	NA	NA	NA	NA	NA	NA	NA	NA	NA	NA	NA	NA	NA	NA	NA	NA	NA	NA	NA	NA	NA	NA	NA	NA	NA	NA	NA	NA	NA	NA	NA	NA	NA	NA
19	5	109255922	180714439	0.592488038843557	0	-0.259579361510487	1.67203073101991	1	0	0.328612651301544	1	1	0.671387348698456	0.000981185890662956	0.000988406708875909	0.326727733951642	0.330562245678415	1	0	0.664306325650772	1	2	0.335693674349228	0.000490592945331547	0.000483905712558628	0.663338635888567	0.665309313175252	1	1	0.52222490658602	2	1	0.47777509341398	0.00207410097397615	0.00208729428505259	0.51800382956279	0.526206278640972	0	1	0.26111245329301	2	1	0.73888754670699	0.00103705048698813	0.00103106456135695	0.259188792361928	0.263164514781249	1	1	0.76111245329301	3	1	0.23888754670699	0.00103705048698838	0.00107360012123467	0.758933093492975	0.763214412164238	NA	NA	NA	NA	NA	NA	NA	NA	NA	NA
20	6	202777	19302701	0.536163406116986	0	0.0962291871395799	2.16910632780695	1	1	0.835872023295249	2	1	0.164127976704751	0.0025976330880928	0.00244789086023776	0.830984437040215	0.840540397904028	0	1	0.417936011647625	2	1	0.582063988352375	0.0012988165440464	0.00122394543011888	0.415492218520108	0.420270198952014	1	1	0.917936011647625	3	1	0.0820639883523754	0.0012988165440464	0.00122394543011889	0.915492218520107	0.920270198952013	2	1	0.27688456954711	2	2	0.72311543045289	0.00379106858800607	0.0037214146274919	0.269199177665811	0.283975289543204	2	0	0.138442284773555	2	2	0.861557715226445	0.00189553429400297	0.00186070731374595	0.134599588832906	0.141987644771602	2	1	0.638442284773555	2	3	0.361557715226445	0.00189553429400297	0.0018626044053293	0.63480265334974	0.642139236966078
21	6	19303601	113564136	0.502117198058524	1	-0.0149121114457451	2.00048407098118	1	1	1	NA	NA	NA	NA	NA	NA	NA	NA	NA	NA	NA	NA	NA	NA	NA	NA	NA	NA	NA	NA	NA	NA	NA	NA	NA	NA	NA	NA	NA	NA	NA	NA	NA	NA	NA	NA	NA	NA	NA	NA	NA	NA	NA	NA	NA	NA	NA	NA	NA	NA	NA	NA	NA	NA	NA	NA	NA
22	6	113564702	170878886	0.538161936381238	0	-0.133604117988518	1.83418775458616	1	0	0.149277970461384	1	1	0.850722029538616	0.00129922591823708	0.00129962232203387	0.146688303359142	0.151833622883453	1	0	0.574638985230692	1	2	0.425361014769308	0.000649612959118528	0.00065295660350056	0.573318451112433	0.575892541864474	0	0	0.991313299625743	1	0	0.00868670037425734	0.0000880982168152689	0.0000885472274101852	0.991138357958853	0.991486453174396	0	0	0.995656649812872	2	0	0.00434335018712839	0.0000440491084075512	0.0000457477772340291	0.995564455606039	0.99574524795162	NA	NA	NA	NA	NA	NA	NA	NA	NA	NA	NA	NA	NA	NA	NA	NA	NA	NA	NA	NA
23	7	80500	24817261	0.552699239465414	0	-0.162210620373304	1.79611275343134	1	0	0.200721445892294	1	1	0.799278554107706	0.00164692093346799	0.00167461592615429	0.197215548048342	0.203869211899408	1	0	0.600360722946147	1	2	0.399639277053853	0.000823460466733983	0.000837307963077146	0.598607774024171	0.601934605949704	0	0	0.987614348002404	1	0	0.0123856519975958	0.000125570391378893	0.000125189719750239	0.987379027556073	0.987861792457066	0	0	0.993807174001202	2	0	0.00619282599879767	0.0000627851956894188	0.0000625948598751259	0.993689513778037	0.993930896228533	NA	NA	NA	NA	NA	NA	NA	NA	NA	NA	NA	NA	NA	NA	NA	NA	NA	NA	NA	NA
24	7	24817720	62561285	0.501554154605967	1	-0.0117857772550395	2.00505189807737	1	1	1	NA	NA	NA	NA	NA	NA	NA	NA	NA	NA	NA	NA	NA	NA	NA	NA	NA	NA	NA	NA	NA	NA	NA	NA	NA	NA	NA	NA	NA	NA	NA	NA	NA	NA	NA	NA	NA	NA	NA	NA	NA	NA	NA	NA	NA	NA	NA	NA	NA	NA	NA	NA	NA	NA	NA	NA	NA
25	7	62583535	87930929	0.581479873086328	0	0.237306257112505	2.4027339259337	1	1	0.590161935800169	2	1	0.409838064199831	0.00320411887824834	0.00323134988327346	0.583470876703478	0.596631151293993	0	1	0.295080967900084	2	1	0.704919032099915	0.00160205943912423	0.00161567494163673	0.291735438351739	0.298315575646997	1	1	0.795080967900084	3	1	0.204919032099916	0.001602059439124	0.00161567494163672	0.791735438351739	0.798315575646996	1	0	0.294980938433104	1	1	0.705019061566896	0.00165986055234135	0.00167929070732133	0.291437777366468	0.298170002640423	1	0	0.647490469216552	1	2	0.352509530783448	0.000829930276170732	0.000839645353660666	0.645718888683234	0.649085001320212	NA	NA	NA	NA	NA	NA	NA	NA	NA	NA
26	7	87935613	142012957	0.61274364926158	0	0.360859155752346	2.62697291058778	1	1	0.387125100169845	2	1	0.612874899830155	0.00243390928328563	0.00237773462862544	0.382253347951482	0.391606995016331	0	1	0.193562550084923	2	1	0.806437449915077	0.00121695464164281	0.00120964059170156	0.191060875048297	0.195886816425719	1	1	0.693562550084922	3	1	0.306437449915078	0.00121695464164262	0.00121298480715745	0.691115489444377	0.695870106780965	2	1	0.755335442885969	2	2	0.244664557114031	0.00189579745696533	0.00189936126288347	0.75161417308607	0.759110289191989	2	0	0.377667721442985	2	2	0.622332278557015	0.000947898728482804	0.000964610753214509	0.375692047210223	0.379550173642512	2	1	0.877667721442985	2	3	0.122332278557015	0.000947898728482832	0.000948259642603412	0.875766098599186	0.879528984441937
27	7	142014025	159114266	0.568981292281148	0	0.473556306717991	2.84894992064479	1	1	0.663090310334144	2	1	0.336909689665856	0.0032142871302972	0.00309848788258196	0.657328825222863	0.668920270168721	0	1	0.331545155167072	2	1	0.668454844832928	0.0016071435651486	0.00154924394129098	0.328664412611432	0.334460135084361	1	1	0.831545155167072	3	1	0.168454844832928	0.00160714356514879	0.00154924394129098	0.828664412611431	0.83446013508436	2	1	0.497691167463038	2	2	0.502308832536962	0.00359690455353323	0.00361711567799588	0.490408437690756	0.504463171754273	2	0	0.248845583731519	2	2	0.751154416268481	0.00179845227676667	0.00180855783899794	0.245204218845378	0.252231585877136	2	1	0.748845583731519	2	3	0.251154416268481	0.00179845227676673	0.00180855783899794	0.745204218845378	0.752231585877136
28	8	155757	36459009	0.953302169728998	1	-0.954633383496687	1.23462449785008	1	0	1	NA	NA	NA	NA	NA	NA	NA	NA	NA	NA	NA	NA	NA	NA	NA	NA	NA	NA	NA	NA	NA	NA	NA	NA	NA	NA	NA	NA	NA	NA	NA	NA	NA	NA	NA	NA	NA	NA	NA	NA	NA	NA	NA	NA	NA	NA	NA	NA	NA	NA	NA	NA	NA	NA	NA	NA	NA
29	8	36519146	51440704	0.501427833305866	1	-0.0119807870681373	2.00476668341643	1	1	1	NA	NA	NA	NA	NA	NA	NA	NA	NA	NA	NA	NA	NA	NA	NA	NA	NA	NA	NA	NA	NA	NA	NA	NA	NA	NA	NA	NA	NA	NA	NA	NA	NA	NA	NA	NA	NA	NA	NA	NA	NA	NA	NA	NA	NA	NA	NA	NA	NA	NA	NA	NA	NA	NA	NA	NA	NA
31	8	51649025	71353259	0.500780833854569	1	-0.0261898264382221	1.98408843125981	1	1	1	NA	NA	NA	NA	NA	NA	NA	NA	NA	NA	NA	NA	NA	NA	NA	NA	NA	NA	NA	NA	NA	NA	NA	NA	NA	NA	NA	NA	NA	NA	NA	NA	NA	NA	NA	NA	NA	NA	NA	NA	NA	NA	NA	NA	NA	NA	NA	NA	NA	NA	NA	NA	NA	NA	NA	NA	NA
38	10	150922	135192579	0.50422061808483	1	-0.0345617352263842	1.97199989604137	1	1	1	NA	NA	NA	NA	NA	NA	NA	NA	NA	NA	NA	NA	NA	NA	NA	NA	NA	NA	NA	NA	NA	NA	NA	NA	NA	NA	NA	NA	NA	NA	NA	NA	NA	NA	NA	NA	NA	NA	NA	NA	NA	NA	NA	NA	NA	NA	NA	NA	NA	NA	NA	NA	NA	NA	NA	NA	NA
44	11	19007118	111040637	0.501524003353704	1	-0.0211009842690755	1.9914707677071	1	1	1	NA	NA	NA	NA	NA	NA	NA	NA	NA	NA	NA	NA	NA	NA	NA	NA	NA	NA	NA	NA	NA	NA	NA	NA	NA	NA	NA	NA	NA	NA	NA	NA	NA	NA	NA	NA	NA	NA	NA	NA	NA	NA	NA	NA	NA	NA	NA	NA	NA	NA	NA	NA	NA	NA	NA	NA	NA
47	12	17546368	133839356	0.501358832221287	1	-0.0125594443019301	2.00392058609436	1	1	1	NA	NA	NA	NA	NA	NA	NA	NA	NA	NA	NA	NA	NA	NA	NA	NA	NA	NA	NA	NA	NA	NA	NA	NA	NA	NA	NA	NA	NA	NA	NA	NA	NA	NA	NA	NA	NA	NA	NA	NA	NA	NA	NA	NA	NA	NA	NA	NA	NA	NA	NA	NA	NA	NA	NA	NA	NA
48	13	19449788	38422002	0.952993584118059	1	-0.94981569404397	1.22582935747233	1	0	1	NA	NA	NA	NA	NA	NA	NA	NA	NA	NA	NA	NA	NA	NA	NA	NA	NA	NA	NA	NA	NA	NA	NA	NA	NA	NA	NA	NA	NA	NA	NA	NA	NA	NA	NA	NA	NA	NA	NA	NA	NA	NA	NA	NA	NA	NA	NA	NA	NA	NA	NA	NA	NA	NA	NA	NA	NA
49	13	38425241	114994813	0.974750807184132	1	-0.0528257887963102	2.37271409150868	2	0	1	NA	NA	NA	NA	NA	NA	NA	NA	NA	NA	NA	NA	NA	NA	NA	NA	NA	NA	NA	NA	NA	NA	NA	NA	NA	NA	NA	NA	NA	NA	NA	NA	NA	NA	NA	NA	NA	NA	NA	NA	NA	NA	NA	NA	NA	NA	NA	NA	NA	NA	NA	NA	NA	NA	NA	NA	NA
50	14	20480547	107231369	0.501426915790717	1	-0.0213974358280383	1.99103999349821	1	1	1	NA	NA	NA	NA	NA	NA	NA	NA	NA	NA	NA	NA	NA	NA	NA	NA	NA	NA	NA	NA	NA	NA	NA	NA	NA	NA	NA	NA	NA	NA	NA	NA	NA	NA	NA	NA	NA	NA	NA	NA	NA	NA	NA	NA	NA	NA	NA	NA	NA	NA	NA	NA	NA	NA	NA	NA	NA
52	15	32516399	102347662	0.658922735915141	1	0.539285947093585	2.98665164249229	2	1	1	NA	NA	NA	NA	NA	NA	NA	NA	NA	NA	NA	NA	NA	NA	NA	NA	NA	NA	NA	NA	NA	NA	NA	NA	NA	NA	NA	NA	NA	NA	NA	NA	NA	NA	NA	NA	NA	NA	NA	NA	NA	NA	NA	NA	NA	NA	NA	NA	NA	NA	NA	NA	NA	NA	NA	NA	NA
53	16	94080	35272667	0.502080416114117	1	0.00999969444444404	2.0371585386025	1	1	1	NA	NA	NA	NA	NA	NA	NA	NA	NA	NA	NA	NA	NA	NA	NA	NA	NA	NA	NA	NA	NA	NA	NA	NA	NA	NA	NA	NA	NA	NA	NA	NA	NA	NA	NA	NA	NA	NA	NA	NA	NA	NA	NA	NA	NA	NA	NA	NA	NA	NA	NA	NA	NA	NA	NA	NA	NA
55	17	154755	79984621	0.502724824092308	1	0.00565606157988295	2.0307182948593	1	1	1	NA	NA	NA	NA	NA	NA	NA	NA	NA	NA	NA	NA	NA	NA	NA	NA	NA	NA	NA	NA	NA	NA	NA	NA	NA	NA	NA	NA	NA	NA	NA	NA	NA	NA	NA	NA	NA	NA	NA	NA	NA	NA	NA	NA	NA	NA	NA	NA	NA	NA	NA	NA	NA	NA	NA	NA	NA
57	19	226776	36185612	0.501944867269017	1	0.0435924540160406	2.08762635548617	1	1	1	NA	NA	NA	NA	NA	NA	NA	NA	NA	NA	NA	NA	NA	NA	NA	NA	NA	NA	NA	NA	NA	NA	NA	NA	NA	NA	NA	NA	NA	NA	NA	NA	NA	NA	NA	NA	NA	NA	NA	NA	NA	NA	NA	NA	NA	NA	NA	NA	NA	NA	NA	NA	NA	NA	NA	NA	NA
59	19	36290900	48317253	0.503290858933013	1	0.0570007474122386	2.10810062693445	1	1	1	NA	NA	NA	NA	NA	NA	NA	NA	NA	NA	NA	NA	NA	NA	NA	NA	NA	NA	NA	NA	NA	NA	NA	NA	NA	NA	NA	NA	NA	NA	NA	NA	NA	NA	NA	NA	NA	NA	NA	NA	NA	NA	NA	NA	NA	NA	NA	NA	NA	NA	NA	NA	NA	NA	NA	NA	NA
61	19	48336188	59097308	0.503946563129907	1	0.0461808709575453	2.09156402376978	1	1	1	NA	NA	NA	NA	NA	NA	NA	NA	NA	NA	NA	NA	NA	NA	NA	NA	NA	NA	NA	NA	NA	NA	NA	NA	NA	NA	NA	NA	NA	NA	NA	NA	NA	NA	NA	NA	NA	NA	NA	NA	NA	NA	NA	NA	NA	NA	NA	NA	NA	NA	NA	NA	NA	NA	NA	NA	NA
64	20	36808982	46878637	0.501225135292396	1	0.00282677959707469	2.02653377433622	1	1	1	NA	NA	NA	NA	NA	NA	NA	NA	NA	NA	NA	NA	NA	NA	NA	NA	NA	NA	NA	NA	NA	NA	NA	NA	NA	NA	NA	NA	NA	NA	NA	NA	NA	NA	NA	NA	NA	NA	NA	NA	NA	NA	NA	NA	NA	NA	NA	NA	NA	NA	NA	NA	NA	NA	NA	NA	NA
65	20	46878722	62918361	0.526681490689525	0	0.0878375592696435	2.15591634471997	1	1	0.881331651641248	2	1	0.118668348358752	0.00296496175043626	0.00293585856158563	0.875544988689469	0.887503593975715	0	1	0.440665825820624	2	1	0.559334174179376	0.00148248087521802	0.00147075486414132	0.437846881558004	0.4436980909581	1	1	0.940665825820624	3	1	0.0593341741793764	0.00148248087521802	0.00147075486414133	0.937846881558003	0.9436980909581	2	1	0.207964223278767	2	2	0.792035776721232	0.00466958310618262	0.00454980911015218	0.199249385913964	0.217466330815225	2	0	0.103982111639384	2	2	0.896017888360616	0.00233479155309136	0.00227490455507609	0.0996246929569822	0.108733165407613	2	1	0.603982111639384	2	3	0.396017888360616	0.00233479155309135	0.00227490455507607	0.599624692956982	0.608733165407612
68	X	1453839	155249621	0.953884565080889	1	-0.04896173329613	1.95137055736422	1	0	1	NA	NA	NA	NA	NA	NA	NA	NA	NA	NA	NA	NA	NA	NA	NA	NA	NA	NA	NA	NA	NA	NA	NA	NA	NA	NA	NA	NA	NA	NA	NA	NA	NA	NA	NA	NA	NA	NA	NA	NA	NA	NA	NA	NA	NA	NA	NA	NA	NA	NA	NA	NA	NA	NA	NA	NA	NA
