	chr	startpos	endpos	BAF	pval	LogR	ntot	nMaj1_A	nMin1_A	frac1_A	nMaj2_A	nMin2_A	frac2_A	SDfrac_A	SDfrac_A_BS	frac1_A_0.025	frac1_A_0.975	nMaj1_B	nMin1_B	frac1_B	nMaj2_B	nMin2_B	frac2_B	SDfrac_B	SDfrac_B_BS	frac1_B_0.025	frac1_B_0.975	nMaj1_C	nMin1_C	frac1_C	nMaj2_C	nMin2_C	frac2_C	SDfrac_C	SDfrac_C_BS	frac1_C_0.025	frac1_C_0.975	nMaj1_D	nMin1_D	frac1_D	nMaj2_D	nMin2_D	frac2_D	SDfrac_D	SDfrac_D_BS	frac1_D_0.025	frac1_D_0.975	nMaj1_E	nMin1_E	frac1_E	nMaj2_E	nMin2_E	frac2_E	SDfrac_E	SDfrac_E_BS	frac1_E_0.025	frac1_E_0.975	nMaj1_F	nMin1_F	frac1_F	nMaj2_F	nMin2_F	frac2_F	SDfrac_F	SDfrac_F_BS	frac1_F_0.025	frac1_F_0.975
1	1	762601	6717672	0.846620023783328	0.000000000000000000424462195706902	-0.211798421366695	2.31356967519796	2	0	0.751627883483842	3	0	0.248372116516158	0.0300012689340596	0.0303407003360671	0.688796290968736	0.813637445033291	1	0	0.375813941741922	3	0	0.624186058258078	0.0150006344670298	0.0151703501680335	0.344398145484368	0.406818722516646	2	0	0.875813941741922	4	0	0.124186058258078	0.0150006344670298	0.0151703501680335	0.844398145484369	0.906818722516645	3	0	0.86382950597204	3	1	0.13617049402796	0.00692249714718846	0.00700322944839611	0.849162350182061	0.877953366126314	3	0	0.93191475298602	3	2	0.0680852470139802	0.0034612485735942	0.00349247580772763	0.924701089720105	0.938642290183252	NA	NA	NA	NA	NA	NA	NA	NA	NA	NA
5	1	45257727	46305362	0.70506414021723	1	0.764167114345104	4.99175818567305	3	1	1	NA	NA	NA	NA	NA	NA	NA	NA	NA	NA	NA	NA	NA	NA	NA	NA	NA	NA	NA	NA	NA	NA	NA	NA	NA	NA	NA	NA	NA	NA	NA	NA	NA	NA	NA	NA	NA	NA	NA	NA	NA	NA	NA	NA	NA	NA	NA	NA	NA	NA	NA	NA	NA	NA	NA	NA	NA
6	1	46306583	50022402	0.611567047012632	0.000000000000237664042801622	0.110740293687267	2.81122484632726	1	1	0.139792048606907	2	1	0.860207951393092	0.0183052520700998	0.0184293057662584	0.102299502309054	0.173639586484233	0	1	0.0698960243034538	2	1	0.930103975696546	0.00915262603504991	0.00921465288312921	0.0511497511545271	0.0868197932421165	1	1	0.569896024303455	3	1	0.430103975696545	0.00915262603505013	0.00921465288312922	0.551149751154528	0.586819793242117	1	0	0.546355655320211	1	1	0.453644344679789	0.00738437685523918	0.00742206131197669	0.532462866803521	0.561081751148962	1	0	0.773177827660106	1	2	0.226822172339894	0.00369218842761959	0.00371103065598835	0.766231433401761	0.780540875574481	NA	NA	NA	NA	NA	NA	NA	NA	NA	NA
10	1	145328809	249230279	0.626774126382	1	0.0895088539982069	2.75562197851388	2	1	1	NA	NA	NA	NA	NA	NA	NA	NA	NA	NA	NA	NA	NA	NA	NA	NA	NA	NA	NA	NA	NA	NA	NA	NA	NA	NA	NA	NA	NA	NA	NA	NA	NA	NA	NA	NA	NA	NA	NA	NA	NA	NA	NA	NA	NA	NA	NA	NA	NA	NA	NA	NA	NA	NA	NA	NA	NA
11	2	10747	89161547	0.501197163205465	1	-0.379915104127209	1.7139230564414	1	1	1	NA	NA	NA	NA	NA	NA	NA	NA	NA	NA	NA	NA	NA	NA	NA	NA	NA	NA	NA	NA	NA	NA	NA	NA	NA	NA	NA	NA	NA	NA	NA	NA	NA	NA	NA	NA	NA	NA	NA	NA	NA	NA	NA	NA	NA	NA	NA	NA	NA	NA	NA	NA	NA	NA	NA	NA	NA
13	2	89327931	242985493	0.501305745856164	1	-0.398900152681336	1.67850988700803	1	1	1	NA	NA	NA	NA	NA	NA	NA	NA	NA	NA	NA	NA	NA	NA	NA	NA	NA	NA	NA	NA	NA	NA	NA	NA	NA	NA	NA	NA	NA	NA	NA	NA	NA	NA	NA	NA	NA	NA	NA	NA	NA	NA	NA	NA	NA	NA	NA	NA	NA	NA	NA	NA	NA	NA	NA	NA	NA
20	3	129643890	140916770	0.629042886652676	1	0.0620789812742222	2.68498698579449	2	1	1	NA	NA	NA	NA	NA	NA	NA	NA	NA	NA	NA	NA	NA	NA	NA	NA	NA	NA	NA	NA	NA	NA	NA	NA	NA	NA	NA	NA	NA	NA	NA	NA	NA	NA	NA	NA	NA	NA	NA	NA	NA	NA	NA	NA	NA	NA	NA	NA	NA	NA	NA	NA	NA	NA	NA	NA	NA
22	3	141200951	166399946	0.625730708789148	1	-0.00503931152401093	2.51770902702568	2	1	1	NA	NA	NA	NA	NA	NA	NA	NA	NA	NA	NA	NA	NA	NA	NA	NA	NA	NA	NA	NA	NA	NA	NA	NA	NA	NA	NA	NA	NA	NA	NA	NA	NA	NA	NA	NA	NA	NA	NA	NA	NA	NA	NA	NA	NA	NA	NA	NA	NA	NA	NA	NA	NA	NA	NA	NA	NA
42	6	89569254	90613748	0.503515286823648	1	0.612242229100628	4.39338359187124	2	2	1	NA	NA	NA	NA	NA	NA	NA	NA	NA	NA	NA	NA	NA	NA	NA	NA	NA	NA	NA	NA	NA	NA	NA	NA	NA	NA	NA	NA	NA	NA	NA	NA	NA	NA	NA	NA	NA	NA	NA	NA	NA	NA	NA	NA	NA	NA	NA	NA	NA	NA	NA	NA	NA	NA	NA	NA	NA
44	7	80500	23669812	0.609253781826963	0.00000000000000000000000000000000000000000000000000000000000000000000000000000000000000000000000000000000000000000000000000000000000000000000000000000000000355920012584802	0.0938004658339537	2.76679536251261	1	1	0.162614808286123	2	1	0.837385191713877	0.0058163314844133	0.00583830974888404	0.151158065316621	0.173639857661444	0	1	0.0813074041430615	2	1	0.918692595856939	0.00290816574220668	0.00288880958253694	0.0757338661650669	0.0869055029114466	1	1	0.581307404143062	3	1	0.418692595856938	0.0029081657422067	0.00289750112748371	0.57571440642441	0.587104630548624	1	0	0.537058786627659	1	1	0.462941213372341	0.00239244333582012	0.00248299960898501	0.532183321384256	0.541985384919144	1	0	0.768529393313829	1	2	0.231470606686171	0.00119622166791011	0.00120642735910374	0.766290410360214	0.770857046453336	NA	NA	NA	NA	NA	NA	NA	NA	NA	NA
49	8	158984	3035476	0.735612325906064	0.00000000742092330399246	-1.00453436248678	0.924448324505374	0	0	0.113374921356106	1	0	0.886625078643894	0.0184586566733024	0.0186239509013612	0.0774482420910558	0.151362534954135	0	0	0.556687460678053	2	0	0.443312539321947	0.00922932833665102	0.00931197545068058	0.538724121045528	0.575681267477067	1	0	0.959251727163485	1	1	0.0407482728365149	0.0071770915004517	0.00718604234759936	0.944829590948456	0.974024268494945	1	0	0.979625863581742	1	2	0.0203741364182576	0.00358854575022577	0.00359302117379968	0.972414795474228	0.987012134247472	NA	NA	NA	NA	NA	NA	NA	NA	NA	NA	NA	NA	NA	NA	NA	NA	NA	NA	NA	NA
72	11	120934681	134946381	0.566034946407327	0.0000000000000000000000000000000000000000000000000000000000000000000000000000000000000000000000000000000000000000000000000000000000000000000000267232385272964	0.655280122448904	4.55654654636981	2	2	0.239942196656929	3	2	0.760057803343071	0.00891286762061803	0.00923791085196877	0.222540621605177	0.257803767101304	1	2	0.119971098328464	3	2	0.880028901671536	0.00445643381030902	0.00461895542598439	0.111270310802588	0.128901883550652	2	2	0.619971098328464	4	2	0.380028901671536	0.00445643381030902	0.00441433575916416	0.611260412808	0.628536963852251	2	1	0.582717599778634	2	2	0.417282400221366	0.00523889932702959	0.00514011057168252	0.572777774062765	0.592596803466527	2	0	0.291358799889317	2	2	0.708641200110683	0.00261944966351479	0.00257005528584125	0.286388887031382	0.296298401733263	2	1	0.791358799889317	2	3	0.208641200110683	0.00261944966351479	0.00268720494736564	0.78593313857474	0.796456247447287
73	12	188285	38113649	0.501002414102505	1	-0.337951600671163	1.7938716212185	1	1	1	NA	NA	NA	NA	NA	NA	NA	NA	NA	NA	NA	NA	NA	NA	NA	NA	NA	NA	NA	NA	NA	NA	NA	NA	NA	NA	NA	NA	NA	NA	NA	NA	NA	NA	NA	NA	NA	NA	NA	NA	NA	NA	NA	NA	NA	NA	NA	NA	NA	NA	NA	NA	NA	NA	NA	NA	NA
75	12	38680572	118811805	0.501178803743457	1	-0.357710668900002	1.75593701515835	1	1	1	NA	NA	NA	NA	NA	NA	NA	NA	NA	NA	NA	NA	NA	NA	NA	NA	NA	NA	NA	NA	NA	NA	NA	NA	NA	NA	NA	NA	NA	NA	NA	NA	NA	NA	NA	NA	NA	NA	NA	NA	NA	NA	NA	NA	NA	NA	NA	NA	NA	NA	NA	NA	NA	NA	NA	NA	NA
76	12	118812693	133841140	0.776638488431318	0.0000000000000000000000000000000000000000000000000000000000000000000000000000000000000000000000000000000000000000000000000000000000000000000000000000000000000000000000000000000000000000000000000000000000000000000000000000000000000000000000000000000000000000000000000000000000000000000000000000100003654178596	-0.861705489420338	1.27698825335829	1	0	0.767782217300555	2	0	0.232217782699445	0.00690118545855128	0.00705694624640642	0.75350654038602	0.780953662764762	0	0	0.383891108650277	2	0	0.616108891349723	0.00345059272927598	0.00346244523523634	0.377129079412577	0.390674494200084	1	0	0.883891108650277	3	0	0.116108891349723	0.00345059272927606	0.0035455854409407	0.876793415897037	0.890403748099551	2	0	0.77918555522764	2	1	0.22081444477236	0.00286578150838929	0.00281493975777757	0.77390583475368	0.784661432342801	2	0	0.88959277761382	2	2	0.11040722238618	0.00143289075419445	0.00140746987888879	0.88695291737684	0.892330716171401	NA	NA	NA	NA	NA	NA	NA	NA	NA	NA
79	14	20425051	107288377	0.501546092009255	1	-0.361657944529114	1.74842087012801	1	1	1	NA	NA	NA	NA	NA	NA	NA	NA	NA	NA	NA	NA	NA	NA	NA	NA	NA	NA	NA	NA	NA	NA	NA	NA	NA	NA	NA	NA	NA	NA	NA	NA	NA	NA	NA	NA	NA	NA	NA	NA	NA	NA	NA	NA	NA	NA	NA	NA	NA	NA	NA	NA	NA	NA	NA	NA	NA
81	16	83802	2380924	0.625062765894917	1	0.445712106265644	3.80596835804054	2	1	1	NA	NA	NA	NA	NA	NA	NA	NA	NA	NA	NA	NA	NA	NA	NA	NA	NA	NA	NA	NA	NA	NA	NA	NA	NA	NA	NA	NA	NA	NA	NA	NA	NA	NA	NA	NA	NA	NA	NA	NA	NA	NA	NA	NA	NA	NA	NA	NA	NA	NA	NA	NA	NA	NA	NA	NA	NA
82	16	2381777	3783149	0.857746833080865	0.000000000000000000000743790646765945	-0.0192527902968685	2.57235342142735	2	0	0.497943783313861	3	0	0.50205621668614	0.0445548628010371	0.0430793956144049	0.419077880419268	0.586596784474426	1	0	0.248971891656931	3	0	0.751028108343069	0.0222774314005185	0.0226281628707858	0.203243348265675	0.293684280017307	2	0	0.748971891656928	4	0	0.251028108343072	0.0222774314005186	0.0226281628707859	0.703243348265674	0.793684280017307	3	0	0.917418430016617	3	1	0.0825815699833828	0.00861451923667411	0.008749462224237	0.899587698032085	0.934253278103189	3	0	0.958709215008309	3	2	0.0412907849916914	0.00430725961833706	0.0043747311121185	0.949793849016043	0.967126639051594	NA	NA	NA	NA	NA	NA	NA	NA	NA	NA
83	16	3787293	35269134	0.624879648786507	1	0.254761637457891	3.21079590871159	2	1	1	NA	NA	NA	NA	NA	NA	NA	NA	NA	NA	NA	NA	NA	NA	NA	NA	NA	NA	NA	NA	NA	NA	NA	NA	NA	NA	NA	NA	NA	NA	NA	NA	NA	NA	NA	NA	NA	NA	NA	NA	NA	NA	NA	NA	NA	NA	NA	NA	NA	NA	NA	NA	NA	NA	NA	NA	NA
85	16	80948703	81962627	0.617471846703597	1	0.330996538429616	3.43901033063364	2	1	1	NA	NA	NA	NA	NA	NA	NA	NA	NA	NA	NA	NA	NA	NA	NA	NA	NA	NA	NA	NA	NA	NA	NA	NA	NA	NA	NA	NA	NA	NA	NA	NA	NA	NA	NA	NA	NA	NA	NA	NA	NA	NA	NA	NA	NA	NA	NA	NA	NA	NA	NA	NA	NA	NA	NA	NA	NA
86	16	81962833	89998794	0.501465426092891	1	-0.23150629655648	2.00741513562918	1	1	1	NA	NA	NA	NA	NA	NA	NA	NA	NA	NA	NA	NA	NA	NA	NA	NA	NA	NA	NA	NA	NA	NA	NA	NA	NA	NA	NA	NA	NA	NA	NA	NA	NA	NA	NA	NA	NA	NA	NA	NA	NA	NA	NA	NA	NA	NA	NA	NA	NA	NA	NA	NA	NA	NA	NA	NA	NA
87	17	1869	4047528	0.505487749891874	1	0.0315235415463012	2.60786848700588	1	1	1	NA	NA	NA	NA	NA	NA	NA	NA	NA	NA	NA	NA	NA	NA	NA	NA	NA	NA	NA	NA	NA	NA	NA	NA	NA	NA	NA	NA	NA	NA	NA	NA	NA	NA	NA	NA	NA	NA	NA	NA	NA	NA	NA	NA	NA	NA	NA	NA	NA	NA	NA	NA	NA	NA	NA	NA	NA
88	17	4050001	7585236	0.771685118117237	0.00000000000000000000000105678221464158	-0.722653418153515	1.22769866429983	1	0	0.816100495516368	2	0	0.183899504483632	0.0193757214526747	0.019406870503094	0.777190265607173	0.853823299751693	0	0	0.408050247758184	2	0	0.591949752241816	0.00968786072633707	0.00970343525154697	0.388595132803586	0.426911649875847	1	0	0.908050247758185	3	0	0.0919497522418151	0.00968786072633732	0.0102433445391744	0.888286736560611	0.926324648115191	2	0	0.758544147264511	2	1	0.241455852735489	0.00851449862303649	0.00898217235092169	0.74207706003585	0.775480278991426	2	0	0.879272073632255	2	2	0.120727926367745	0.00425724931151844	0.00449108617546086	0.871038530017925	0.887740139495713	NA	NA	NA	NA	NA	NA	NA	NA	NA	NA
89	17	7587180	40745644	0.501450242322035	1	-0.197617447984054	2.07877443324463	1	1	1	NA	NA	NA	NA	NA	NA	NA	NA	NA	NA	NA	NA	NA	NA	NA	NA	NA	NA	NA	NA	NA	NA	NA	NA	NA	NA	NA	NA	NA	NA	NA	NA	NA	NA	NA	NA	NA	NA	NA	NA	NA	NA	NA	NA	NA	NA	NA	NA	NA	NA	NA	NA	NA	NA	NA	NA	NA
93	17	48234425	62379266	0.500387798707972	1	0.509973756963675	4.0246468967511	2	2	1	NA	NA	NA	NA	NA	NA	NA	NA	NA	NA	NA	NA	NA	NA	NA	NA	NA	NA	NA	NA	NA	NA	NA	NA	NA	NA	NA	NA	NA	NA	NA	NA	NA	NA	NA	NA	NA	NA	NA	NA	NA	NA	NA	NA	NA	NA	NA	NA	NA	NA	NA	NA	NA	NA	NA	NA	NA
94	17	62381714	79999942	0.625398889696153	1	0.268082576046643	3.24980857139924	2	1	1	NA	NA	NA	NA	NA	NA	NA	NA	NA	NA	NA	NA	NA	NA	NA	NA	NA	NA	NA	NA	NA	NA	NA	NA	NA	NA	NA	NA	NA	NA	NA	NA	NA	NA	NA	NA	NA	NA	NA	NA	NA	NA	NA	NA	NA	NA	NA	NA	NA	NA	NA	NA	NA	NA	NA	NA	NA
126	19	108032	16654444	0.504060182259361	1	0.9171323302667	5.66138093986418	3	3	1	NA	NA	NA	NA	NA	NA	NA	NA	NA	NA	NA	NA	NA	NA	NA	NA	NA	NA	NA	NA	NA	NA	NA	NA	NA	NA	NA	NA	NA	NA	NA	NA	NA	NA	NA	NA	NA	NA	NA	NA	NA	NA	NA	NA	NA	NA	NA	NA	NA	NA	NA	NA	NA	NA	NA	NA	NA
149	20	59690347	62954601	0.844805262256643	0.000000030106980091831	-0.181384999308783	2.27488215735208	2	0	0.789553017096537	3	0	0.210446982903463	0.040556965121451	0.039783008134543	0.709916311633068	0.865774595362782	1	0	0.394776508548269	3	0	0.605223491451731	0.0202784825607255	0.0198915040672715	0.354958155816534	0.432887297681392	2	0	0.89477650854827	4	0	0.10522349145173	0.0202784825607266	0.0198915040672715	0.854958155816534	0.932887297681392	3	0	0.854955362025729	3	1	0.145044637974271	0.00962139142954505	0.00944414930329832	0.836240038030817	0.873272151206579	3	0	0.927477681012864	3	2	0.0725223189871356	0.00481069571477249	0.00474248031038806	0.917561509528052	0.935967178809474	NA	NA	NA	NA	NA	NA	NA	NA	NA	NA
150	21	15273817	20080934	0.681049135558348	0.0000000000000000000000000000200263214719421	0.329568904190929	3.43462486908929	2	1	0.299971301018562	3	1	0.700028698981438	0.0248585004991666	0.0260113459971882	0.250293903271518	0.350485989412887	1	1	0.149985650509281	3	1	0.850014349490719	0.0124292502495833	0.0130056729985941	0.125146951635759	0.175242994706444	2	1	0.649985650509281	4	1	0.350014349490719	0.0124292502495834	0.0130056729985941	0.625146951635759	0.675242994706444	2	0	0.327839427460762	2	1	0.672160572539238	0.00909285086008871	0.0095197443136637	0.308793303860914	0.345730138881225	2	0	0.663919713730381	2	2	0.336080286269619	0.00454642543004441	0.00475987215683185	0.654396651930457	0.672865069440613	NA	NA	NA	NA	NA	NA	NA	NA	NA	NA
151	21	20081051	37545051	0.703809158701972	1	0.357638096694705	3.52165007455192	3	1	1	NA	NA	NA	NA	NA	NA	NA	NA	NA	NA	NA	NA	NA	NA	NA	NA	NA	NA	NA	NA	NA	NA	NA	NA	NA	NA	NA	NA	NA	NA	NA	NA	NA	NA	NA	NA	NA	NA	NA	NA	NA	NA	NA	NA	NA	NA	NA	NA	NA	NA	NA	NA	NA	NA	NA	NA	NA
152	21	37545588	48101335	0.684708521251909	0.0000000000000000000000000000000000000000000000103517613660833	0.516915239218017	4.04885652718469	3	1	0.886962399193971	3	2	0.113037600806029	0.0079268359669426	0.00786939883799788	0.872403753562151	0.903371817058913	3	0	0.443481199596985	3	2	0.556518800403015	0.00396341798347119	0.00393469941899894	0.436201876781075	0.451685908529457	3	1	0.943481199596986	3	3	0.0565188004030143	0.00396341798347127	0.0040598849282312	0.935411871015501	0.951061838201647	2	1	0.245480178535362	3	1	0.754519821464638	0.0160063492987989	0.016385230981453	0.214430823717697	0.27768372714395	1	1	0.122740089267681	3	1	0.877259910732319	0.00800317464939952	0.0079711526056551	0.107537912230915	0.138616772687245	2	1	0.622740089267681	4	1	0.377259910732319	0.0080031746493997	0.00797115260565511	0.607537912230914	0.638616772687244
153	22	16572992	19932095	0.501201992925195	1	-0.123778533151007	2.24018468653172	1	1	1	NA	NA	NA	NA	NA	NA	NA	NA	NA	NA	NA	NA	NA	NA	NA	NA	NA	NA	NA	NA	NA	NA	NA	NA	NA	NA	NA	NA	NA	NA	NA	NA	NA	NA	NA	NA	NA	NA	NA	NA	NA	NA	NA	NA	NA	NA	NA	NA	NA	NA	NA	NA	NA	NA	NA	NA	NA
154	22	19932267	21255763	0.632849858912566	1	0.353901395592919	3.50996694547688	2	1	1	NA	NA	NA	NA	NA	NA	NA	NA	NA	NA	NA	NA	NA	NA	NA	NA	NA	NA	NA	NA	NA	NA	NA	NA	NA	NA	NA	NA	NA	NA	NA	NA	NA	NA	NA	NA	NA	NA	NA	NA	NA	NA	NA	NA	NA	NA	NA	NA	NA	NA	NA	NA	NA	NA	NA	NA	NA
155	22	21256671	49998877	0.502460332200274	1	-0.168953679418765	2.14045371495948	1	1	1	NA	NA	NA	NA	NA	NA	NA	NA	NA	NA	NA	NA	NA	NA	NA	NA	NA	NA	NA	NA	NA	NA	NA	NA	NA	NA	NA	NA	NA	NA	NA	NA	NA	NA	NA	NA	NA	NA	NA	NA	NA	NA	NA	NA	NA	NA	NA	NA	NA	NA	NA	NA	NA	NA	NA	NA	NA
156	X	1455666	155239499	0.505924628281941	1	-0.279957642691309	1.90825968522939	1	1	1	NA	NA	NA	NA	NA	NA	NA	NA	NA	NA	NA	NA	NA	NA	NA	NA	NA	NA	NA	NA	NA	NA	NA	NA	NA	NA	NA	NA	NA	NA	NA	NA	NA	NA	NA	NA	NA	NA	NA	NA	NA	NA	NA	NA	NA	NA	NA	NA	NA	NA	NA	NA	NA	NA	NA	NA	NA
1	1	762601	6717672	0.908864621721399	1	-0.307114413854883	2.83146602687325	3	0	1	NA	NA	NA	NA	NA	NA	NA	NA	NA	NA	NA	NA	NA	NA	NA	NA	NA	NA	NA	NA	NA	NA	NA	NA	NA	NA	NA	NA	NA	NA	NA	NA	NA	NA	NA	NA	NA	NA	NA	NA	NA	NA	NA	NA	NA	NA	NA	NA	NA	NA	NA	NA	NA	NA	NA	NA	NA
3	1	45257727	46305362	0.727087515400058	0.00000000000000000000000000000000000000000000000000000000000000000000000000000000000000000000842104242807628	0.769018966753095	5.35926646655444	4	1	0.688077740723288	4	2	0.311922259276712	0.013783437445282	0.0134578736748199	0.661490697230691	0.715113647489076	4	0	0.344038870361644	4	2	0.655961129638356	0.00689171872264085	0.00672893683740996	0.330745348615345	0.357556823744538	4	1	0.844038870361644	4	3	0.155961129638356	0.00689171872264083	0.00672893683740996	0.830745348615345	0.857556823744538	5	1	0.312727485328268	5	2	0.687272514671732	0.0169864030997116	0.0165851855179813	0.279962201647208	0.346045938167992	5	0	0.156363742664134	5	2	0.843636257335866	0.00849320154985587	0.00829259275899063	0.139981100823604	0.173022969083996	5	1	0.656363742664134	5	3	0.343636257335866	0.00849320154985589	0.00829259275899063	0.639981100823604	0.673022969083996
4	1	46306583	50547386	0.62576197500472	0.00000000000105170809332808	0.134939915872553	3.23749242045544	2	1	0.925821949925554	2	2	0.0741780500744464	0.0105714848609842	0.010419074150605	0.904947092291753	0.944900433988614	2	0	0.462910974962777	2	2	0.537089025037223	0.00528574243049221	0.00520953707530252	0.452473546145876	0.472450216994307	2	1	0.962910974962777	2	3	0.037089025037223	0.00528574243049196	0.00520953707530251	0.952473546145876	0.972450216994307	3	1	0.327770230671666	3	2	0.672229769328334	0.0151611256284647	0.0152773346816507	0.298547069145662	0.357791651148296	3	0	0.163885115335833	3	2	0.836114884664167	0.00758056281423233	0.00763866734082536	0.149273534572831	0.178895825574148	3	1	0.663885115335833	3	3	0.336114884664167	0.00758056281423242	0.00763866734082537	0.649273534572831	0.678895825574148
6	1	145328809	249230279	0.641068852821316	1	0.108710103901546	3.16823272185112	2	1	1	NA	NA	NA	NA	NA	NA	NA	NA	NA	NA	NA	NA	NA	NA	NA	NA	NA	NA	NA	NA	NA	NA	NA	NA	NA	NA	NA	NA	NA	NA	NA	NA	NA	NA	NA	NA	NA	NA	NA	NA	NA	NA	NA	NA	NA	NA	NA	NA	NA	NA	NA	NA	NA	NA	NA	NA	NA
7	2	10747	89159180	0.501180482917704	1	-0.416032821668412	2.01719992551423	1	1	1	NA	NA	NA	NA	NA	NA	NA	NA	NA	NA	NA	NA	NA	NA	NA	NA	NA	NA	NA	NA	NA	NA	NA	NA	NA	NA	NA	NA	NA	NA	NA	NA	NA	NA	NA	NA	NA	NA	NA	NA	NA	NA	NA	NA	NA	NA	NA	NA	NA	NA	NA	NA	NA	NA	NA	NA	NA
9	2	89327931	242985493	0.501004486861475	1	-0.43187045317907	1.9885530862324	1	1	1	NA	NA	NA	NA	NA	NA	NA	NA	NA	NA	NA	NA	NA	NA	NA	NA	NA	NA	NA	NA	NA	NA	NA	NA	NA	NA	NA	NA	NA	NA	NA	NA	NA	NA	NA	NA	NA	NA	NA	NA	NA	NA	NA	NA	NA	NA	NA	NA	NA	NA	NA	NA	NA	NA	NA	NA	NA
15	3	129603755	140916770	0.642481327139241	1	0.0880016079827034	3.11443463840388	2	1	1	NA	NA	NA	NA	NA	NA	NA	NA	NA	NA	NA	NA	NA	NA	NA	NA	NA	NA	NA	NA	NA	NA	NA	NA	NA	NA	NA	NA	NA	NA	NA	NA	NA	NA	NA	NA	NA	NA	NA	NA	NA	NA	NA	NA	NA	NA	NA	NA	NA	NA	NA	NA	NA	NA	NA	NA	NA
17	3	141203003	166462348	0.641165658896974	1	0.0318179376601267	2.97230696547023	2	1	1	NA	NA	NA	NA	NA	NA	NA	NA	NA	NA	NA	NA	NA	NA	NA	NA	NA	NA	NA	NA	NA	NA	NA	NA	NA	NA	NA	NA	NA	NA	NA	NA	NA	NA	NA	NA	NA	NA	NA	NA	NA	NA	NA	NA	NA	NA	NA	NA	NA	NA	NA	NA	NA	NA	NA	NA	NA
41	6	89587029	90610417	0.50037077926595	1	0.623036988066539	4.78512850534375	2	2	1	NA	NA	NA	NA	NA	NA	NA	NA	NA	NA	NA	NA	NA	NA	NA	NA	NA	NA	NA	NA	NA	NA	NA	NA	NA	NA	NA	NA	NA	NA	NA	NA	NA	NA	NA	NA	NA	NA	NA	NA	NA	NA	NA	NA	NA	NA	NA	NA	NA	NA	NA	NA	NA	NA	NA	NA	NA
45	7	80500	23617848	0.623478584578347	0.0000000000000000000000000000000000000000000000000000000000000000000000000000000000000000000000000000000000000000000000000000000000000000000015440395645755	0.106438202409673	3.16229282306682	2	1	0.912341426252317	2	2	0.0876585737476832	0.00352148823942122	0.00347185701256282	0.905379035124678	0.919181643076512	2	0	0.456170713126159	2	2	0.543829286873841	0.00176074411971083	0.00176321321853896	0.452694667998431	0.459839748703935	2	1	0.956170713126158	2	3	0.0438292868738416	0.00176074411971078	0.00182632177065203	0.952548872568245	0.95974127532904	3	1	0.308437098606017	3	2	0.691562901393983	0.00505035255681813	0.00489437116960047	0.298323623158295	0.317258786765285	3	0	0.154218549303008	3	2	0.845781450696992	0.00252517627840902	0.00246089144283996	0.149365652944447	0.159021049997894	3	1	0.654218549303008	3	3	0.345781450696992	0.00252517627840898	0.00253217255327235	0.649226521149722	0.659378836863461
51	8	608018	3034663	0.802181776271418	1	-1.18968500209707	0.928122087413471	1	0	1	NA	NA	NA	NA	NA	NA	NA	NA	NA	NA	NA	NA	NA	NA	NA	NA	NA	NA	NA	NA	NA	NA	NA	NA	NA	NA	NA	NA	NA	NA	NA	NA	NA	NA	NA	NA	NA	NA	NA	NA	NA	NA	NA	NA	NA	NA	NA	NA	NA	NA	NA	NA	NA	NA	NA	NA	NA
87	11	120934681	134946381	0.500543089503513	1	0.447529324985767	4.16752948779128	2	2	1	NA	NA	NA	NA	NA	NA	NA	NA	NA	NA	NA	NA	NA	NA	NA	NA	NA	NA	NA	NA	NA	NA	NA	NA	NA	NA	NA	NA	NA	NA	NA	NA	NA	NA	NA	NA	NA	NA	NA	NA	NA	NA	NA	NA	NA	NA	NA	NA	NA	NA	NA	NA	NA	NA	NA	NA	NA
88	12	188285	38113649	0.501154241674891	1	-0.379363799135017	2.08474572696428	1	1	1	NA	NA	NA	NA	NA	NA	NA	NA	NA	NA	NA	NA	NA	NA	NA	NA	NA	NA	NA	NA	NA	NA	NA	NA	NA	NA	NA	NA	NA	NA	NA	NA	NA	NA	NA	NA	NA	NA	NA	NA	NA	NA	NA	NA	NA	NA	NA	NA	NA	NA	NA	NA	NA	NA	NA	NA	NA
90	12	38677890	118811805	0.501035947142374	1	-0.394649841935862	2.05637941352118	1	1	1	NA	NA	NA	NA	NA	NA	NA	NA	NA	NA	NA	NA	NA	NA	NA	NA	NA	NA	NA	NA	NA	NA	NA	NA	NA	NA	NA	NA	NA	NA	NA	NA	NA	NA	NA	NA	NA	NA	NA	NA	NA	NA	NA	NA	NA	NA	NA	NA	NA	NA	NA	NA	NA	NA	NA	NA	NA
91	12	118812693	133839356	0.859446629798247	0	-1.06405523611722	1.62263070570267	1	0	0.448516645553624	2	0	0.551483354446376	0.00767817259990014	0.00766168958081641	0.43408789305176	0.463529065305488	0	0	0.224258322776812	2	0	0.775741677223188	0.00383908629994996	0.00375794189655924	0.217154390934966	0.231638177385538	1	0	0.724258322776815	3	0	0.275741677223185	0.00383908629995056	0.00386768074730058	0.7163192808789	0.731747854225086	2	0	0.926649865229042	2	1	0.0733501347709576	0.00155930311761321	0.00157022743917531	0.923551729490632	0.929845939830436	2	0	0.963324932614521	2	2	0.0366750673854788	0.000779651558806549	0.000755170176905705	0.961785015921033	0.96477469290148	NA	NA	NA	NA	NA	NA	NA	NA	NA	NA
93	14	20425051	107288377	0.501258562778265	1	-0.403237110473525	2.04057537103194	1	1	1	NA	NA	NA	NA	NA	NA	NA	NA	NA	NA	NA	NA	NA	NA	NA	NA	NA	NA	NA	NA	NA	NA	NA	NA	NA	NA	NA	NA	NA	NA	NA	NA	NA	NA	NA	NA	NA	NA	NA	NA	NA	NA	NA	NA	NA	NA	NA	NA	NA	NA	NA	NA	NA	NA	NA	NA	NA
97	16	83802	2381777	0.634073147654926	1	0.334853535352202	3.80884896497885	2	1	1	NA	NA	NA	NA	NA	NA	NA	NA	NA	NA	NA	NA	NA	NA	NA	NA	NA	NA	NA	NA	NA	NA	NA	NA	NA	NA	NA	NA	NA	NA	NA	NA	NA	NA	NA	NA	NA	NA	NA	NA	NA	NA	NA	NA	NA	NA	NA	NA	NA	NA	NA	NA	NA	NA	NA	NA	NA
98	16	2382520	3782853	0.908767008418309	1	-0.153567842031055	2.82778744519168	3	0	1	NA	NA	NA	NA	NA	NA	NA	NA	NA	NA	NA	NA	NA	NA	NA	NA	NA	NA	NA	NA	NA	NA	NA	NA	NA	NA	NA	NA	NA	NA	NA	NA	NA	NA	NA	NA	NA	NA	NA	NA	NA	NA	NA	NA	NA	NA	NA	NA	NA	NA	NA	NA	NA	NA	NA	NA	NA
99	16	3783149	35272667	0.641948241042498	1	0.270654880188087	3.61666979363429	2	1	1	NA	NA	NA	NA	NA	NA	NA	NA	NA	NA	NA	NA	NA	NA	NA	NA	NA	NA	NA	NA	NA	NA	NA	NA	NA	NA	NA	NA	NA	NA	NA	NA	NA	NA	NA	NA	NA	NA	NA	NA	NA	NA	NA	NA	NA	NA	NA	NA	NA	NA	NA	NA	NA	NA	NA	NA	NA
101	16	80948703	81968406	0.628495284833409	0.00000838309470122924	0.295860865506983	3.69110609321849	2	1	0.941829872223647	2	2	0.0581701277763531	0.0132227619879977	0.0131188952080223	0.916810156928245	0.967721794630486	2	0	0.470914936111824	2	2	0.529085063888176	0.00661138099399883	0.00655944760401113	0.458405078464122	0.483860897315243	2	1	0.970914936111824	2	3	0.0290850638881763	0.00661138099399872	0.00658490887295438	0.958139688398588	0.983625073825242	3	1	0.350728038794516	3	2	0.649271961205484	0.0189634623982853	0.0188875322601665	0.314084721784256	0.387184600415186	3	0	0.175364019397258	3	2	0.824635980602742	0.00948173119914272	0.00944376613008323	0.157042360892128	0.193592300207593	3	1	0.675364019397258	3	3	0.324635980602742	0.0094817311991427	0.00944376613008323	0.657042360892128	0.693592300207593
102	16	81969847	89998794	0.501824661126338	1	-0.309641804184477	2.21800972761993	1	1	1	NA	NA	NA	NA	NA	NA	NA	NA	NA	NA	NA	NA	NA	NA	NA	NA	NA	NA	NA	NA	NA	NA	NA	NA	NA	NA	NA	NA	NA	NA	NA	NA	NA	NA	NA	NA	NA	NA	NA	NA	NA	NA	NA	NA	NA	NA	NA	NA	NA	NA	NA	NA	NA	NA	NA	NA	NA
103	17	1869	4052772	0.503063871945382	1	-0.0779104753685099	2.71019152137197	1	1	1	NA	NA	NA	NA	NA	NA	NA	NA	NA	NA	NA	NA	NA	NA	NA	NA	NA	NA	NA	NA	NA	NA	NA	NA	NA	NA	NA	NA	NA	NA	NA	NA	NA	NA	NA	NA	NA	NA	NA	NA	NA	NA	NA	NA	NA	NA	NA	NA	NA	NA	NA	NA	NA	NA	NA	NA	NA
104	17	4056003	7589311	0.854033263036737	0.00000000000000000000000000000000000000000000000000224401087294293	-0.957871702842529	1.53995410727162	1	0	0.528554651696646	2	0	0.471445348303354	0.0273379467136541	0.0268862328740946	0.47750809965836	0.583226156731928	0	0	0.264277325848323	2	0	0.735722674151677	0.0136689733568269	0.0134589467169583	0.2391455208646	0.290726250845471	1	0	0.764277325848325	3	0	0.235722674151675	0.0136689733568265	0.0134589467169583	0.739145520864602	0.790726250845474	2	0	0.909662303385489	2	1	0.0903376966145112	0.00606295718351391	0.00598097391482772	0.897540239988063	0.920484915252327	2	0	0.954831151692745	2	2	0.0451688483072552	0.00303147859175706	0.00299048695741386	0.948770119994031	0.960242457626164	NA	NA	NA	NA	NA	NA	NA	NA	NA	NA
105	17	7592168	40782083	0.50217226686278	1	-0.25789820934862	2.32115825860009	1	1	1	NA	NA	NA	NA	NA	NA	NA	NA	NA	NA	NA	NA	NA	NA	NA	NA	NA	NA	NA	NA	NA	NA	NA	NA	NA	NA	NA	NA	NA	NA	NA	NA	NA	NA	NA	NA	NA	NA	NA	NA	NA	NA	NA	NA	NA	NA	NA	NA	NA	NA	NA	NA	NA	NA	NA	NA	NA
108	17	48229441	62379266	0.638679665047238	1	0.185492842761886	3.37458214878428	2	1	1	NA	NA	NA	NA	NA	NA	NA	NA	NA	NA	NA	NA	NA	NA	NA	NA	NA	NA	NA	NA	NA	NA	NA	NA	NA	NA	NA	NA	NA	NA	NA	NA	NA	NA	NA	NA	NA	NA	NA	NA	NA	NA	NA	NA	NA	NA	NA	NA	NA	NA	NA	NA	NA	NA	NA	NA	NA
109	17	62381714	79999942	0.501822141910563	1	-0.24946153598109	2.33832994938604	1	1	1	NA	NA	NA	NA	NA	NA	NA	NA	NA	NA	NA	NA	NA	NA	NA	NA	NA	NA	NA	NA	NA	NA	NA	NA	NA	NA	NA	NA	NA	NA	NA	NA	NA	NA	NA	NA	NA	NA	NA	NA	NA	NA	NA	NA	NA	NA	NA	NA	NA	NA	NA	NA	NA	NA	NA	NA	NA
181	19	108032	16654444	0.504298622999547	1	0.87983252441224	5.83556910577892	3	3	1	NA	NA	NA	NA	NA	NA	NA	NA	NA	NA	NA	NA	NA	NA	NA	NA	NA	NA	NA	NA	NA	NA	NA	NA	NA	NA	NA	NA	NA	NA	NA	NA	NA	NA	NA	NA	NA	NA	NA	NA	NA	NA	NA	NA	NA	NA	NA	NA	NA	NA	NA	NA	NA	NA	NA	NA	NA
214	20	59847271	62954601	0.899033900096764	0.000000000000136442472031622	-0.289399819836391	2.4967063588881	2	0	0.602336785390854	3	0	0.397663214609146	0.0616844159576821	0.0603111115949407	0.480559698716676	0.714662452184796	1	0	0.301168392695429	3	0	0.698831607304571	0.0308422079788403	0.0301555557974704	0.240279849358338	0.357331226092398	2	0	0.801168392695426	4	0	0.198831607304574	0.03084220797884	0.0301555557974705	0.740279849358338	0.857331226092398	3	0	0.932354501823989	3	1	0.0676454981760106	0.00846881421627937	0.00827362221284696	0.916184692957346	0.948319109446607	3	0	0.966177250911995	3	2	0.0338227490880053	0.00423440710813966	0.00413681110642348	0.958092346478673	0.974159554723304	NA	NA	NA	NA	NA	NA	NA	NA	NA	NA
215	21	15273817	20141132	0.699323156314352	0.0000000000000000000000000208539877813011	0.398959109127824	4.00947522830456	3	1	0.883053218800685	3	2	0.116946781199315	0.0112087240104456	0.0109766049088849	0.860879630346395	0.904375390565806	3	0	0.441526609400343	3	2	0.558473390599657	0.00560436200522282	0.00548830245444243	0.430439815173198	0.452187695282903	3	1	0.941526609400343	3	3	0.0584733905996574	0.0056043620052228	0.00548830245444243	0.930439815173198	0.952187695282903	2	1	0.271998306043853	3	1	0.728001693956147	0.023923595722203	0.0233063638666979	0.22367022443306	0.313311540327088	1	1	0.135999153021927	3	1	0.864000846978073	0.0119617978611015	0.0116531819333489	0.11183511221653	0.156655770163544	2	1	0.635999153021926	4	1	0.364000846978074	0.0119617978611016	0.011653181933349	0.61183511221653	0.656655770163544
216	21	20141470	37532222	0.723674741601031	1	0.429995789690265	4.10985824482929	3	1	1	NA	NA	NA	NA	NA	NA	NA	NA	NA	NA	NA	NA	NA	NA	NA	NA	NA	NA	NA	NA	NA	NA	NA	NA	NA	NA	NA	NA	NA	NA	NA	NA	NA	NA	NA	NA	NA	NA	NA	NA	NA	NA	NA	NA	NA	NA	NA	NA	NA	NA	NA	NA	NA	NA	NA	NA	NA
217	21	37533039	48101335	0.700386026697298	0.00000000000000000000000000000000000000000000000000511662307453033	0.537035074556386	4.47310513983656	3	1	0.890221543605269	3	2	0.109778456394731	0.00744149930571181	0.00707926532023061	0.876399081290009	0.904390939130563	3	0	0.445110771802635	3	2	0.554889228197365	0.0037207496528559	0.00353963266011531	0.438199540645005	0.452195469565281	3	1	0.945110771802635	3	3	0.0548892281973654	0.0037207496528559	0.00377477874068851	0.937512949292781	0.9519911042398	4	1	0.462437490408855	4	2	0.537562509591144	0.00969422178962484	0.00959593644929028	0.443705607234356	0.480600849444483	4	0	0.231218745204428	4	2	0.768781254795572	0.00484711089481242	0.00494041527416407	0.220905414730494	0.240205494694023	4	1	0.731218745204428	4	3	0.268781254795572	0.00484711089481238	0.00494041527416407	0.720905414730494	0.740205494694023
218	22	16572992	19931853	0.501562606385997	1	-0.200993702549257	2.43894900040997	1	1	1	NA	NA	NA	NA	NA	NA	NA	NA	NA	NA	NA	NA	NA	NA	NA	NA	NA	NA	NA	NA	NA	NA	NA	NA	NA	NA	NA	NA	NA	NA	NA	NA	NA	NA	NA	NA	NA	NA	NA	NA	NA	NA	NA	NA	NA	NA	NA	NA	NA	NA	NA	NA	NA	NA	NA	NA	NA
219	22	19932095	21255763	0.648845011612916	0.00000000695423762744467	0.314334485108624	3.74649272710728	2	1	0.895102901976867	3	1	0.104897098023133	0.0184601668826057	0.0189991741707059	0.859347890066528	0.933610633825302	1	1	0.447551450988434	3	1	0.552448549011566	0.00923008344130311	0.00949958708535295	0.429673945033265	0.466805316912651	2	1	0.947551450988434	4	1	0.0524485490115664	0.00923008344130305	0.00949958708535296	0.929673945033264	0.966805316912651	3	1	0.515570215500944	3	2	0.484429784499056	0.0137037720970012	0.0141216816293471	0.486371613897159	0.541340812240742	3	0	0.257785107750472	3	2	0.742214892249528	0.00685188604850057	0.00706084081467355	0.24318580694858	0.270670406120371	3	1	0.757785107750472	3	3	0.242214892249528	0.00685188604850062	0.00681682801454648	0.744708094172	0.771569623801171
220	22	21256671	49998877	0.502075519059387	1	-0.24867605757356	2.33993379859301	1	1	1	NA	NA	NA	NA	NA	NA	NA	NA	NA	NA	NA	NA	NA	NA	NA	NA	NA	NA	NA	NA	NA	NA	NA	NA	NA	NA	NA	NA	NA	NA	NA	NA	NA	NA	NA	NA	NA	NA	NA	NA	NA	NA	NA	NA	NA	NA	NA	NA	NA	NA	NA	NA	NA	NA	NA	NA	NA
221	X	1455666	155239499	0.501170114730908	1	-0.289731406015404	2.25726293877257	1	1	1	NA	NA	NA	NA	NA	NA	NA	NA	NA	NA	NA	NA	NA	NA	NA	NA	NA	NA	NA	NA	NA	NA	NA	NA	NA	NA	NA	NA	NA	NA	NA	NA	NA	NA	NA	NA	NA	NA	NA	NA	NA	NA	NA	NA	NA	NA	NA	NA	NA	NA	NA	NA	NA	NA	NA	NA	NA
1	1	762601	6717672	0.895710942377731	1	-0.343274707153974	2.14205034880582	2	0	1	NA	NA	NA	NA	NA	NA	NA	NA	NA	NA	NA	NA	NA	NA	NA	NA	NA	NA	NA	NA	NA	NA	NA	NA	NA	NA	NA	NA	NA	NA	NA	NA	NA	NA	NA	NA	NA	NA	NA	NA	NA	NA	NA	NA	NA	NA	NA	NA	NA	NA	NA	NA	NA	NA	NA	NA	NA
5	1	45257727	46305362	0.721043461390991	1	0.64720786259042	4.38476186999883	3	1	1	NA	NA	NA	NA	NA	NA	NA	NA	NA	NA	NA	NA	NA	NA	NA	NA	NA	NA	NA	NA	NA	NA	NA	NA	NA	NA	NA	NA	NA	NA	NA	NA	NA	NA	NA	NA	NA	NA	NA	NA	NA	NA	NA	NA	NA	NA	NA	NA	NA	NA	NA	NA	NA	NA	NA	NA	NA
6	1	46306583	50500185	0.620711901166438	0.00000000000000000000000000019619921687056	0.11776581064449	2.87221272331755	1	1	0.191856246862912	2	1	0.808143753137088	0.016200590407842	0.0164314295182351	0.16145297260772	0.223267125324437	0	1	0.095928123431456	2	1	0.904071876568544	0.00810029520392103	0.00786774407144738	0.0815163047917198	0.11189141730325	1	1	0.595928123431456	3	1	0.404071876568544	0.00810029520392108	0.00786774407144738	0.581516304791719	0.61189141730325	2	1	0.88276559385243	2	2	0.11723440614757	0.0108133532125558	0.0105168819892247	0.860979495527031	0.90159995206546	2	0	0.441382796926215	2	2	0.558617203073785	0.00540667660627792	0.00525844099461235	0.430489747763515	0.45079997603273	2	1	0.941382796926215	2	3	0.0586172030737852	0.00540667660627797	0.00525844099461235	0.930489747763515	0.95079997603273
8	1	145328809	249230279	0.718840252717262	1	0.459725041326872	3.78470310085597	3	1	1	NA	NA	NA	NA	NA	NA	NA	NA	NA	NA	NA	NA	NA	NA	NA	NA	NA	NA	NA	NA	NA	NA	NA	NA	NA	NA	NA	NA	NA	NA	NA	NA	NA	NA	NA	NA	NA	NA	NA	NA	NA	NA	NA	NA	NA	NA	NA	NA	NA	NA	NA	NA	NA	NA	NA	NA	NA
9	2	10747	89159180	0.501099801520652	1	-0.413254236068899	1.82170065952753	1	1	1	NA	NA	NA	NA	NA	NA	NA	NA	NA	NA	NA	NA	NA	NA	NA	NA	NA	NA	NA	NA	NA	NA	NA	NA	NA	NA	NA	NA	NA	NA	NA	NA	NA	NA	NA	NA	NA	NA	NA	NA	NA	NA	NA	NA	NA	NA	NA	NA	NA	NA	NA	NA	NA	NA	NA	NA	NA
11	2	89327931	242985493	0.501068554518953	1	-0.421761230395962	1.80781996580153	1	1	1	NA	NA	NA	NA	NA	NA	NA	NA	NA	NA	NA	NA	NA	NA	NA	NA	NA	NA	NA	NA	NA	NA	NA	NA	NA	NA	NA	NA	NA	NA	NA	NA	NA	NA	NA	NA	NA	NA	NA	NA	NA	NA	NA	NA	NA	NA	NA	NA	NA	NA	NA	NA	NA	NA	NA	NA	NA
26	3	129641796	140916770	0.640522433984524	1	0.0819992139733704	2.78867682987182	2	1	1	NA	NA	NA	NA	NA	NA	NA	NA	NA	NA	NA	NA	NA	NA	NA	NA	NA	NA	NA	NA	NA	NA	NA	NA	NA	NA	NA	NA	NA	NA	NA	NA	NA	NA	NA	NA	NA	NA	NA	NA	NA	NA	NA	NA	NA	NA	NA	NA	NA	NA	NA	NA	NA	NA	NA	NA	NA
28	3	141203003	166450664	0.638099342794219	1	0.0531456535773872	2.72277996868205	2	1	1	NA	NA	NA	NA	NA	NA	NA	NA	NA	NA	NA	NA	NA	NA	NA	NA	NA	NA	NA	NA	NA	NA	NA	NA	NA	NA	NA	NA	NA	NA	NA	NA	NA	NA	NA	NA	NA	NA	NA	NA	NA	NA	NA	NA	NA	NA	NA	NA	NA	NA	NA	NA	NA	NA	NA	NA	NA
55	6	89587029	90610417	0.631939915881304	1	0.182296890487424	3.02827064671957	2	1	1	NA	NA	NA	NA	NA	NA	NA	NA	NA	NA	NA	NA	NA	NA	NA	NA	NA	NA	NA	NA	NA	NA	NA	NA	NA	NA	NA	NA	NA	NA	NA	NA	NA	NA	NA	NA	NA	NA	NA	NA	NA	NA	NA	NA	NA	NA	NA	NA	NA	NA	NA	NA	NA	NA	NA	NA	NA
59	7	80500	23477027	0.621644487887606	0.00000000000000000000000000000000000000000000000000000000000000000000000000000000000000000000000000000000000000000000000000000000000000000000000000000000000000000000000000000000000000000000000000000000000000000000000000000920349196451802	0.0972355191984225	2.82400945847946	1	1	0.183605415769306	2	1	0.816394584230694	0.00541882963357143	0.0055474926213187	0.173061223902262	0.194744090740088	0	1	0.0918027078846532	2	1	0.908197292115347	0.00270941481678571	0.00274789802118881	0.0866369157142533	0.0970930206902412	1	1	0.591802707884653	3	1	0.408197292115347	0.0027094148167856	0.00267063029568986	0.586510547654489	0.596811422868795	2	1	0.88825104627556	2	2	0.11174895372444	0.00358837956765296	0.00354751662146877	0.881386052464445	0.895302701719552	2	0	0.44412552313778	2	2	0.55587447686222	0.00179418978382637	0.00188234460530026	0.440654886132346	0.447860665834246	2	1	0.94412552313778	2	3	0.0558744768622197	0.00179418978382645	0.00174171839366996	0.940559863732422	0.94746574224416
66	8	158984	3031357	0.796250166203708	0.000000000000000000000102796972116309	-1.1802602482524	0.848123420616842	0	0	0.215916612240151	1	0	0.784083387759849	0.0188125049857815	0.018688869624382	0.178554026547485	0.250009184982046	0	0	0.607958306120076	2	0	0.392041693879924	0.00940625249289073	0.00934443481219101	0.589277013273742	0.625004592491023	1	0	0.944749808885397	1	1	0.0552501911146028	0.00579918441495814	0.00577666884339615	0.932876538179023	0.95478675060101	1	0	0.972374904442698	1	2	0.0276250955573015	0.00289959220747904	0.00288833442169807	0.966438269089511	0.977393375300505	NA	NA	NA	NA	NA	NA	NA	NA	NA	NA	NA	NA	NA	NA	NA	NA	NA	NA	NA	NA
93	11	120830662	134946381	0.500936578738413	1	0.440534655926723	3.72756757413844	2	2	1	NA	NA	NA	NA	NA	NA	NA	NA	NA	NA	NA	NA	NA	NA	NA	NA	NA	NA	NA	NA	NA	NA	NA	NA	NA	NA	NA	NA	NA	NA	NA	NA	NA	NA	NA	NA	NA	NA	NA	NA	NA	NA	NA	NA	NA	NA	NA	NA	NA	NA	NA	NA	NA	NA	NA	NA	NA
94	12	188285	38111151	0.501337722345528	1	-0.389118385803883	1.86153111791964	1	1	1	NA	NA	NA	NA	NA	NA	NA	NA	NA	NA	NA	NA	NA	NA	NA	NA	NA	NA	NA	NA	NA	NA	NA	NA	NA	NA	NA	NA	NA	NA	NA	NA	NA	NA	NA	NA	NA	NA	NA	NA	NA	NA	NA	NA	NA	NA	NA	NA	NA	NA	NA	NA	NA	NA	NA	NA	NA
96	12	38676383	118811805	0.501402072109133	1	-0.398098634471332	1.84663346520048	1	1	1	NA	NA	NA	NA	NA	NA	NA	NA	NA	NA	NA	NA	NA	NA	NA	NA	NA	NA	NA	NA	NA	NA	NA	NA	NA	NA	NA	NA	NA	NA	NA	NA	NA	NA	NA	NA	NA	NA	NA	NA	NA	NA	NA	NA	NA	NA	NA	NA	NA	NA	NA	NA	NA	NA	NA	NA	NA
97	12	118812693	133841140	0.842901907126277	0.00000000000000000000000000000000000000000000000000000000000000000000000000000000000000000000000000000000000000000000000000000000000000000000000000000000000000000000000000000000000000000000000313393508089579	-1.08298089625543	1.24071801839698	1	0	0.822936478084002	2	0	0.177063521915998	0.00656689556145301	0.00653912839262344	0.81023514063911	0.83701377577217	0	0	0.411468239042001	2	0	0.588531760957999	0.00328344778072615	0.00326956419631171	0.405117570319555	0.418506887886085	1	0	0.911468239042	3	0	0.0885317609579999	0.0032834477807262	0.00337091432248344	0.905155681059084	0.917853437436947	2	0	0.846623017257159	2	1	0.153376982742841	0.00192011036833734	0.00189627440853882	0.842699287032896	0.850120081349213	2	0	0.923311508628579	2	2	0.0766884913714206	0.00096005518416864	0.000953512707289599	0.921634684771402	0.925351372241817	NA	NA	NA	NA	NA	NA	NA	NA	NA	NA
99	14	20425051	107288377	0.501673762063574	1	-0.405467651544174	1.8344778202206	1	1	1	NA	NA	NA	NA	NA	NA	NA	NA	NA	NA	NA	NA	NA	NA	NA	NA	NA	NA	NA	NA	NA	NA	NA	NA	NA	NA	NA	NA	NA	NA	NA	NA	NA	NA	NA	NA	NA	NA	NA	NA	NA	NA	NA	NA	NA	NA	NA	NA	NA	NA	NA	NA	NA	NA	NA	NA	NA
103	16	83802	2382520	0.630507285576652	0.000000000867715493650704	0.267137570130476	3.2443583701103	2	1	0.939571917951924	2	2	0.060428082048076	0.00998319696257721	0.0099285872928575	0.918007856739083	0.958883052186901	2	0	0.469785958975962	2	2	0.530214041024038	0.00499159848128861	0.00496429364642875	0.459003928369542	0.47944152609345	2	1	0.969785958975962	2	3	0.0302140410240378	0.00499159848128866	0.00501885066327333	0.959703421460164	0.979622955265949	3	1	0.353547421683945	3	2	0.646452578316055	0.0143817947840692	0.0144307106151262	0.32529941770618	0.382261288872777	3	0	0.176773710841973	3	2	0.823226289158027	0.00719089739203467	0.0072153553075631	0.16264970885309	0.191130644436388	3	1	0.676773710841973	3	3	0.323226289158027	0.00719089739203477	0.0072153553075631	0.66264970885309	0.691130644436388
104	16	2386629	3783149	0.905365294633818	0.000000000000115771742114926	-0.232135984375032	2.41559002910406	2	0	0.690079449775865	3	0	0.309920550224135	0.046357152740697	0.0455676370548006	0.601065351755483	0.782710742882151	1	0	0.345039724887932	3	0	0.654960275112068	0.0231785763703484	0.0227838185274003	0.30053267587774	0.391355371441077	2	0	0.845039724887933	4	0	0.154960275112067	0.0231785763703495	0.0227838185274003	0.800532675877739	0.891355371441076	3	0	0.927868379983342	3	1	0.0721316200166575	0.00614022358374133	0.00605361675389084	0.91496427829775	0.939192626361988	3	0	0.963934189991671	3	2	0.0360658100083288	0.00307011179187072	0.00302680837694542	0.957482139148875	0.969596313180994	NA	NA	NA	NA	NA	NA	NA	NA	NA	NA
105	16	3787293	35269134	0.638416924553395	1	0.205326372020198	3.0856755033562	2	1	1	NA	NA	NA	NA	NA	NA	NA	NA	NA	NA	NA	NA	NA	NA	NA	NA	NA	NA	NA	NA	NA	NA	NA	NA	NA	NA	NA	NA	NA	NA	NA	NA	NA	NA	NA	NA	NA	NA	NA	NA	NA	NA	NA	NA	NA	NA	NA	NA	NA	NA	NA	NA	NA	NA	NA	NA	NA
107	16	80952856	81963309	0.626217111573423	0.0000000012634602472429	0.209518061689343	3.09622292565146	2	1	0.914910658529886	2	2	0.0850893414701139	0.0142622637385072	0.0143558188916648	0.885586051535377	0.94069005481521	2	0	0.457455329264943	2	2	0.542544670735057	0.0071311318692536	0.00717790944583238	0.442793025767689	0.470345027407605	2	1	0.957455329264943	2	3	0.0425446707350572	0.00713113186925374	0.00717790944583238	0.942793025767689	0.970345027407605	3	1	0.318020408297956	3	2	0.681979591702044	0.0205462189128783	0.0206809944781351	0.275775375819938	0.355158209788054	3	0	0.159010204148978	3	2	0.840989795851022	0.0102731094564392	0.0103404972390675	0.137887687909969	0.177579104894027	3	1	0.659010204148978	3	3	0.340989795851022	0.0102731094564392	0.0103404972390675	0.637887687909969	0.677579104894027
108	16	81964460	89998794	0.50218126866456	1	-0.346214393370324	1.93400004803528	1	1	1	NA	NA	NA	NA	NA	NA	NA	NA	NA	NA	NA	NA	NA	NA	NA	NA	NA	NA	NA	NA	NA	NA	NA	NA	NA	NA	NA	NA	NA	NA	NA	NA	NA	NA	NA	NA	NA	NA	NA	NA	NA	NA	NA	NA	NA	NA	NA	NA	NA	NA	NA	NA	NA	NA	NA	NA	NA
109	17	1869	4041725	0.506076698732782	1	-0.184479573975998	2.22740691534825	1	1	1	NA	NA	NA	NA	NA	NA	NA	NA	NA	NA	NA	NA	NA	NA	NA	NA	NA	NA	NA	NA	NA	NA	NA	NA	NA	NA	NA	NA	NA	NA	NA	NA	NA	NA	NA	NA	NA	NA	NA	NA	NA	NA	NA	NA	NA	NA	NA	NA	NA	NA	NA	NA	NA	NA	NA	NA	NA
110	17	4045488	7589311	0.835307258431478	0.000000248743814906355	-1.01637812870488	1.15863587487822	1	0	0.902083255210698	2	0	0.0979167447893025	0.0201380033100953	0.0196149973348701	0.86383712966615	0.939058602691892	0	0	0.451041627605348	2	0	0.548958372394652	0.0100690016550476	0.00980749866743503	0.431918564833075	0.469529301345946	1	0	0.951041627605348	3	0	0.048958372394652	0.0100690016550476	0.00980749866743502	0.931918564833074	0.969529301345946	2	0	0.822141418113998	2	1	0.177858581886002	0.00658861518084669	0.00642401933926735	0.809556228970742	0.834260018055961	2	0	0.911070709056999	2	2	0.0889292909430008	0.00329430759042326	0.00321200966963367	0.904778114485371	0.917130009027981	NA	NA	NA	NA	NA	NA	NA	NA	NA	NA
111	17	7592168	40782083	0.50209152425971	1	-0.308669426106048	1.99920955237632	1	1	1	NA	NA	NA	NA	NA	NA	NA	NA	NA	NA	NA	NA	NA	NA	NA	NA	NA	NA	NA	NA	NA	NA	NA	NA	NA	NA	NA	NA	NA	NA	NA	NA	NA	NA	NA	NA	NA	NA	NA	NA	NA	NA	NA	NA	NA	NA	NA	NA	NA	NA	NA	NA	NA	NA	NA	NA	NA
114	17	48229157	62379185	0.634606105465417	1	0.145368778585734	2.93811263883532	2	1	1	NA	NA	NA	NA	NA	NA	NA	NA	NA	NA	NA	NA	NA	NA	NA	NA	NA	NA	NA	NA	NA	NA	NA	NA	NA	NA	NA	NA	NA	NA	NA	NA	NA	NA	NA	NA	NA	NA	NA	NA	NA	NA	NA	NA	NA	NA	NA	NA	NA	NA	NA	NA	NA	NA	NA	NA	NA
115	17	62379266	79999942	0.501865367058547	1	-0.305069300237871	2.00555201132577	1	1	1	NA	NA	NA	NA	NA	NA	NA	NA	NA	NA	NA	NA	NA	NA	NA	NA	NA	NA	NA	NA	NA	NA	NA	NA	NA	NA	NA	NA	NA	NA	NA	NA	NA	NA	NA	NA	NA	NA	NA	NA	NA	NA	NA	NA	NA	NA	NA	NA	NA	NA	NA	NA	NA	NA	NA	NA	NA
196	19	108032	16654444	0.504612507605442	1	0.745554897074754	4.73213305510558	2	2	1	NA	NA	NA	NA	NA	NA	NA	NA	NA	NA	NA	NA	NA	NA	NA	NA	NA	NA	NA	NA	NA	NA	NA	NA	NA	NA	NA	NA	NA	NA	NA	NA	NA	NA	NA	NA	NA	NA	NA	NA	NA	NA	NA	NA	NA	NA	NA	NA	NA	NA	NA	NA	NA	NA	NA	NA	NA
224	20	59583881	62954601	0.888878614496396	1	-0.334504174148138	1.95415698855974	2	0	1	NA	NA	NA	NA	NA	NA	NA	NA	NA	NA	NA	NA	NA	NA	NA	NA	NA	NA	NA	NA	NA	NA	NA	NA	NA	NA	NA	NA	NA	NA	NA	NA	NA	NA	NA	NA	NA	NA	NA	NA	NA	NA	NA	NA	NA	NA	NA	NA	NA	NA	NA	NA	NA	NA	NA	NA	NA
225	21	15273817	20082509	0.696410761757356	0.000000000000000000000000000000000000000000441235049735495	0.415800445681184	3.6550386236168	2	1	0.357192588024235	3	1	0.642807411975765	0.0236655002549798	0.0227654051107726	0.31485249646672	0.400962240432888	1	1	0.178596294012117	3	1	0.821403705987883	0.01183275012749	0.0113827025553863	0.15742624823336	0.200481120216444	2	1	0.678596294012117	4	1	0.321403705987883	0.01183275012749	0.0113827025553863	0.65742624823336	0.700481120216444	3	1	0.844287550309312	3	2	0.155712449690688	0.0115815665044069	0.011606215378676	0.820490749286367	0.864918481716619	3	0	0.422143775154656	3	2	0.577856224845344	0.00579078325220345	0.005803107689338	0.410245374643184	0.43245924085831	3	1	0.922143775154656	3	3	0.077856224845344	0.00579078325220345	0.005803107689338	0.910245374643184	0.93245924085831
226	21	20083010	37594601	0.7209097060142	1	0.441673480772392	3.73093702596108	3	1	1	NA	NA	NA	NA	NA	NA	NA	NA	NA	NA	NA	NA	NA	NA	NA	NA	NA	NA	NA	NA	NA	NA	NA	NA	NA	NA	NA	NA	NA	NA	NA	NA	NA	NA	NA	NA	NA	NA	NA	NA	NA	NA	NA	NA	NA	NA	NA	NA	NA	NA	NA	NA	NA	NA	NA	NA	NA
227	21	37594753	48101335	0.700578092507429	0.0000000000000000000000000000000000000000000000000000000000000000000000000447556962762211	0.495976688840228	3.89473113876966	2	1	0.298986853274462	3	1	0.701013146725538	0.0152197161525625	0.0145005443538385	0.268811602327372	0.32688788671197	1	1	0.149493426637231	3	1	0.850506573362769	0.00760985807628116	0.00746760889708883	0.134432006333228	0.163702718514623	2	1	0.649493426637231	4	1	0.350506573362769	0.00760985807628123	0.00747248571187329	0.634093407614641	0.663314550974776	3	1	0.872215224997645	3	2	0.127784775002355	0.00715940783341323	0.00702598605537965	0.858814761348454	0.886295259686115	3	0	0.436107612498823	3	2	0.563892387501177	0.00357970391670662	0.0035794612477272	0.429637478196748	0.443574754525564	3	1	0.936107612498823	3	3	0.0638923875011774	0.00357970391670664	0.0035794612477272	0.929637478196747	0.943574754525564
228	22	16572992	19932095	0.502634427758926	1	-0.273908215848086	2.06111594131487	1	1	1	NA	NA	NA	NA	NA	NA	NA	NA	NA	NA	NA	NA	NA	NA	NA	NA	NA	NA	NA	NA	NA	NA	NA	NA	NA	NA	NA	NA	NA	NA	NA	NA	NA	NA	NA	NA	NA	NA	NA	NA	NA	NA	NA	NA	NA	NA	NA	NA	NA	NA	NA	NA	NA	NA	NA	NA	NA
229	22	19932267	21255763	0.639489200525734	1	0.232875090614488	3.15555996818053	2	1	1	NA	NA	NA	NA	NA	NA	NA	NA	NA	NA	NA	NA	NA	NA	NA	NA	NA	NA	NA	NA	NA	NA	NA	NA	NA	NA	NA	NA	NA	NA	NA	NA	NA	NA	NA	NA	NA	NA	NA	NA	NA	NA	NA	NA	NA	NA	NA	NA	NA	NA	NA	NA	NA	NA	NA	NA	NA
230	22	21256671	49998877	0.501756564128957	1	-0.308603684855213	1.99932522906617	1	1	1	NA	NA	NA	NA	NA	NA	NA	NA	NA	NA	NA	NA	NA	NA	NA	NA	NA	NA	NA	NA	NA	NA	NA	NA	NA	NA	NA	NA	NA	NA	NA	NA	NA	NA	NA	NA	NA	NA	NA	NA	NA	NA	NA	NA	NA	NA	NA	NA	NA	NA	NA	NA	NA	NA	NA	NA	NA
231	X	1455666	155239499	0.506391336732633	1	-0.289018425321468	2.03402274035401	1	1	1	NA	NA	NA	NA	NA	NA	NA	NA	NA	NA	NA	NA	NA	NA	NA	NA	NA	NA	NA	NA	NA	NA	NA	NA	NA	NA	NA	NA	NA	NA	NA	NA	NA	NA	NA	NA	NA	NA	NA	NA	NA	NA	NA	NA	NA	NA	NA	NA	NA	NA	NA	NA	NA	NA	NA	NA	NA
1	1	762601	6717672	0.91248379194447	1	-0.23522058246307	2.79769375706418	3	0	1	NA	NA	NA	NA	NA	NA	NA	NA	NA	NA	NA	NA	NA	NA	NA	NA	NA	NA	NA	NA	NA	NA	NA	NA	NA	NA	NA	NA	NA	NA	NA	NA	NA	NA	NA	NA	NA	NA	NA	NA	NA	NA	NA	NA	NA	NA	NA	NA	NA	NA	NA	NA	NA	NA	NA	NA	NA
5	1	45258141	46305362	0.727997078501734	1	0.809601821091966	4.73395814517763	3	1	1	NA	NA	NA	NA	NA	NA	NA	NA	NA	NA	NA	NA	NA	NA	NA	NA	NA	NA	NA	NA	NA	NA	NA	NA	NA	NA	NA	NA	NA	NA	NA	NA	NA	NA	NA	NA	NA	NA	NA	NA	NA	NA	NA	NA	NA	NA	NA	NA	NA	NA	NA	NA	NA	NA	NA	NA	NA
6	1	46306583	50533066	0.625434892104038	0.0000000000000000218794728482546	0.160453681176847	2.81234365632183	1	1	0.139575771905818	2	1	0.860424228094182	0.0156925161097608	0.0161395967350386	0.108559021356652	0.168896584694326	0	1	0.069787885952909	2	1	0.930212114047091	0.0078462580548804	0.00806979836751929	0.0542795106783259	0.0844482923471631	1	1	0.569787885952909	3	1	0.430212114047091	0.00784625805488037	0.00806979836751929	0.554279510678326	0.584448292347163	1	0	0.515297272187984	1	1	0.484702727812016	0.00562829921639718	0.00578795882547931	0.504526412757758	0.526216108241952	1	0	0.757648636093992	1	2	0.242351363906008	0.00281414960819859	0.00289397941273966	0.752263206378879	0.763108054120976	NA	NA	NA	NA	NA	NA	NA	NA	NA	NA
8	1	145328809	249230279	0.640549840892752	1	0.146052738392939	2.77875569703993	2	1	1	NA	NA	NA	NA	NA	NA	NA	NA	NA	NA	NA	NA	NA	NA	NA	NA	NA	NA	NA	NA	NA	NA	NA	NA	NA	NA	NA	NA	NA	NA	NA	NA	NA	NA	NA	NA	NA	NA	NA	NA	NA	NA	NA	NA	NA	NA	NA	NA	NA	NA	NA	NA	NA	NA	NA	NA	NA
9	2	10747	89159180	0.501318897703771	1	-0.378773381389941	1.75773003796779	1	1	1	NA	NA	NA	NA	NA	NA	NA	NA	NA	NA	NA	NA	NA	NA	NA	NA	NA	NA	NA	NA	NA	NA	NA	NA	NA	NA	NA	NA	NA	NA	NA	NA	NA	NA	NA	NA	NA	NA	NA	NA	NA	NA	NA	NA	NA	NA	NA	NA	NA	NA	NA	NA	NA	NA	NA	NA	NA
11	2	89327931	242985493	0.501000653527834	1	-0.397894205123005	1.72709159199653	1	1	1	NA	NA	NA	NA	NA	NA	NA	NA	NA	NA	NA	NA	NA	NA	NA	NA	NA	NA	NA	NA	NA	NA	NA	NA	NA	NA	NA	NA	NA	NA	NA	NA	NA	NA	NA	NA	NA	NA	NA	NA	NA	NA	NA	NA	NA	NA	NA	NA	NA	NA	NA	NA	NA	NA	NA	NA	NA
19	3	129638737	140916770	0.644381109625191	1	0.13781502529129	2.75969272173159	2	1	1	NA	NA	NA	NA	NA	NA	NA	NA	NA	NA	NA	NA	NA	NA	NA	NA	NA	NA	NA	NA	NA	NA	NA	NA	NA	NA	NA	NA	NA	NA	NA	NA	NA	NA	NA	NA	NA	NA	NA	NA	NA	NA	NA	NA	NA	NA	NA	NA	NA	NA	NA	NA	NA	NA	NA	NA	NA
21	3	141203003	166431551	0.643717434421332	1	0.0689356870544399	2.60448748409382	2	1	1	NA	NA	NA	NA	NA	NA	NA	NA	NA	NA	NA	NA	NA	NA	NA	NA	NA	NA	NA	NA	NA	NA	NA	NA	NA	NA	NA	NA	NA	NA	NA	NA	NA	NA	NA	NA	NA	NA	NA	NA	NA	NA	NA	NA	NA	NA	NA	NA	NA	NA	NA	NA	NA	NA	NA	NA	NA
59	6	89587029	90610417	0.635430359264442	1	0.30634857827429	3.17221143302038	2	1	1	NA	NA	NA	NA	NA	NA	NA	NA	NA	NA	NA	NA	NA	NA	NA	NA	NA	NA	NA	NA	NA	NA	NA	NA	NA	NA	NA	NA	NA	NA	NA	NA	NA	NA	NA	NA	NA	NA	NA	NA	NA	NA	NA	NA	NA	NA	NA	NA	NA	NA	NA	NA	NA	NA	NA	NA	NA
63	7	80500	23393312	0.624128559857793	0.00000000000000000000000000000000000000000000000000000000000000000000000000000000000000000000000000000000000000000000000000000000000000000000000000000000000000000000000294764712209316	0.138302001175863	2.7608166129759	1	1	0.151495836094252	2	1	0.848504163905748	0.00520520691430955	0.00519418310192046	0.141301096323354	0.162143131424109	0	1	0.075747918047126	2	1	0.924252081952874	0.00260260345715478	0.00260788164410918	0.0709537737493106	0.0810377706768004	1	1	0.575747918047126	3	1	0.424252081952874	0.00260260345715452	0.00256812855526358	0.570645263608475	0.580532770111726	1	0	0.510998058038844	1	1	0.489001941961156	0.00188785180549556	0.00193745384782326	0.507136556686621	0.514725386970154	1	0	0.755499029019422	1	2	0.244500970980578	0.000943925902747778	0.000940571989062405	0.753709724092296	0.757304122140429	NA	NA	NA	NA	NA	NA	NA	NA	NA	NA
73	8	609085	3035808	0.799957207006431	0.0000000341521138756543	-1.13608140329967	0.903694919623335	0	0	0.146294384416834	1	0	0.853705615583166	0.023987912559123	0.0237870644017837	0.100483648372545	0.192500335378574	0	0	0.573147192208417	2	0	0.426852807791583	0.0119939562795615	0.0118935322008919	0.550241824186273	0.596250167689287	1	0	0.963416621537128	1	1	0.036583378462872	0.00676766679785501	0.00672622297799708	0.949794851283241	0.975798621401756	1	0	0.981708310768564	1	2	0.018291689231436	0.00338383339892767	0.00336311148899853	0.97489742564162	0.987899310700878	NA	NA	NA	NA	NA	NA	NA	NA	NA	NA	NA	NA	NA	NA	NA	NA	NA	NA	NA	NA
100	11	120826308	134946381	0.50025676387643	1	0.485442489297545	3.66674201333429	2	2	1	NA	NA	NA	NA	NA	NA	NA	NA	NA	NA	NA	NA	NA	NA	NA	NA	NA	NA	NA	NA	NA	NA	NA	NA	NA	NA	NA	NA	NA	NA	NA	NA	NA	NA	NA	NA	NA	NA	NA	NA	NA	NA	NA	NA	NA	NA	NA	NA	NA	NA	NA	NA	NA	NA	NA	NA	NA
101	12	188285	38113649	0.50151473191169	1	-0.345184916107583	1.81254390784869	1	1	1	NA	NA	NA	NA	NA	NA	NA	NA	NA	NA	NA	NA	NA	NA	NA	NA	NA	NA	NA	NA	NA	NA	NA	NA	NA	NA	NA	NA	NA	NA	NA	NA	NA	NA	NA	NA	NA	NA	NA	NA	NA	NA	NA	NA	NA	NA	NA	NA	NA	NA	NA	NA	NA	NA	NA	NA	NA
103	12	38677890	118811805	0.500762614393489	1	-0.361076002503307	1.78645174979131	1	1	1	NA	NA	NA	NA	NA	NA	NA	NA	NA	NA	NA	NA	NA	NA	NA	NA	NA	NA	NA	NA	NA	NA	NA	NA	NA	NA	NA	NA	NA	NA	NA	NA	NA	NA	NA	NA	NA	NA	NA	NA	NA	NA	NA	NA	NA	NA	NA	NA	NA	NA	NA	NA	NA	NA	NA	NA	NA
104	12	118812693	133841140	0.857492606062011	0	-1.01838454568648	1.49841252213777	1	0	0.57175927543472	2	0	0.42824072456528	0.00735503893916201	0.00724346904023354	0.556808942159882	0.584897446417092	0	0	0.28587963771736	2	0	0.71412036228264	0.00367751946958086	0.00362173452011676	0.278404471079941	0.292448723208546	1	0	0.785879637717359	3	0	0.214120362282641	0.0036775194695805	0.00364028250015416	0.778588552584185	0.792950086389322	2	0	0.904978860778442	2	1	0.095021139221558	0.0016303280998996	0.00161335138877119	0.901761133367797	0.908109914917273	2	0	0.952489430389221	2	2	0.047510569610779	0.000815164049949968	0.000811109301229293	0.950906644641086	0.954058947238735	NA	NA	NA	NA	NA	NA	NA	NA	NA	NA
106	14	20425051	107288377	0.501456155829121	1	-0.366160380791468	1.77816402779634	1	1	1	NA	NA	NA	NA	NA	NA	NA	NA	NA	NA	NA	NA	NA	NA	NA	NA	NA	NA	NA	NA	NA	NA	NA	NA	NA	NA	NA	NA	NA	NA	NA	NA	NA	NA	NA	NA	NA	NA	NA	NA	NA	NA	NA	NA	NA	NA	NA	NA	NA	NA	NA	NA	NA	NA	NA	NA	NA
110	16	83802	2381777	0.640168052105611	1	0.44587945770056	3.55215426939103	2	1	1	NA	NA	NA	NA	NA	NA	NA	NA	NA	NA	NA	NA	NA	NA	NA	NA	NA	NA	NA	NA	NA	NA	NA	NA	NA	NA	NA	NA	NA	NA	NA	NA	NA	NA	NA	NA	NA	NA	NA	NA	NA	NA	NA	NA	NA	NA	NA	NA	NA	NA	NA	NA	NA	NA	NA	NA	NA
111	16	2382520	3783149	0.919012660636128	1	-0.0687804426324087	3.06913027883814	3	0	1	NA	NA	NA	NA	NA	NA	NA	NA	NA	NA	NA	NA	NA	NA	NA	NA	NA	NA	NA	NA	NA	NA	NA	NA	NA	NA	NA	NA	NA	NA	NA	NA	NA	NA	NA	NA	NA	NA	NA	NA	NA	NA	NA	NA	NA	NA	NA	NA	NA	NA	NA	NA	NA	NA	NA	NA	NA
112	16	3787293	35272667	0.641309645948766	1	0.296644163562684	3.14712801622895	2	1	1	NA	NA	NA	NA	NA	NA	NA	NA	NA	NA	NA	NA	NA	NA	NA	NA	NA	NA	NA	NA	NA	NA	NA	NA	NA	NA	NA	NA	NA	NA	NA	NA	NA	NA	NA	NA	NA	NA	NA	NA	NA	NA	NA	NA	NA	NA	NA	NA	NA	NA	NA	NA	NA	NA	NA	NA	NA
114	16	80955040	81963162	0.629235510288441	0.00000236299802858602	0.360619387394393	3.31564066139239	2	1	0.938473727764593	2	2	0.0615262722354069	0.0132109211826307	0.0132352071743581	0.913233739407924	0.964607300326838	2	0	0.469236863882297	2	2	0.530763136117703	0.00660546059131537	0.00661760358717907	0.456616869703962	0.482303650163419	2	1	0.969236863882297	2	3	0.0307631361177034	0.00660546059131512	0.00661760358717906	0.956616869703962	0.982303650163419	3	1	0.34924364832804	3	2	0.65075635167196	0.0189933409608434	0.0190282569303717	0.312956117876625	0.386815884763169	3	0	0.17462182416402	3	2	0.82537817583598	0.0094966704804216	0.00951412846518586	0.156478058938313	0.193407942381584	3	1	0.67462182416402	3	3	0.32537817583598	0.00949667048042163	0.00951412846518586	0.656478058938313	0.693407942381584
115	16	81963309	89998794	0.501800092621928	1	-0.248382207014232	1.97784864579994	1	1	1	NA	NA	NA	NA	NA	NA	NA	NA	NA	NA	NA	NA	NA	NA	NA	NA	NA	NA	NA	NA	NA	NA	NA	NA	NA	NA	NA	NA	NA	NA	NA	NA	NA	NA	NA	NA	NA	NA	NA	NA	NA	NA	NA	NA	NA	NA	NA	NA	NA	NA	NA	NA	NA	NA	NA	NA	NA
116	17	1869	4041725	0.503945704733739	1	-0.0276080276456027	2.39904864771166	1	1	1	NA	NA	NA	NA	NA	NA	NA	NA	NA	NA	NA	NA	NA	NA	NA	NA	NA	NA	NA	NA	NA	NA	NA	NA	NA	NA	NA	NA	NA	NA	NA	NA	NA	NA	NA	NA	NA	NA	NA	NA	NA	NA	NA	NA	NA	NA	NA	NA	NA	NA	NA	NA	NA	NA	NA	NA	NA
117	17	4045488	7589311	0.856804046330932	0.0000000000000000000000000000000000000000000000000000000000000000000000000492760658560964	-0.902884454146172	1.48846970511774	1	0	0.581364670391992	2	0	0.418635329608008	0.0239302675367141	0.0243989653977211	0.533238893130184	0.62992968378473	0	0	0.290682335195996	2	0	0.709317664804004	0.0119651337683571	0.0121994826988605	0.266619446565092	0.314964841892365	1	0	0.790682335195996	3	0	0.209317664804004	0.0119651337683568	0.0121994826988605	0.766619446565093	0.814964841892366	2	0	0.902837680607626	2	1	0.0971623193923741	0.00536372624168119	0.00547591547218859	0.891581539668787	0.913306300329179	2	0	0.951418840303813	2	2	0.0485811596961873	0.00268186312084062	0.00273795773609429	0.945790769834393	0.95665315016459	NA	NA	NA	NA	NA	NA	NA	NA	NA	NA
118	17	7592168	40782083	0.501241002884753	1	-0.218463869193148	2.03122328897349	1	1	1	NA	NA	NA	NA	NA	NA	NA	NA	NA	NA	NA	NA	NA	NA	NA	NA	NA	NA	NA	NA	NA	NA	NA	NA	NA	NA	NA	NA	NA	NA	NA	NA	NA	NA	NA	NA	NA	NA	NA	NA	NA	NA	NA	NA	NA	NA	NA	NA	NA	NA	NA	NA	NA	NA	NA	NA	NA
121	17	48228981	62379266	0.639029675336281	1	0.218838189617862	2.95200411234406	2	1	1	NA	NA	NA	NA	NA	NA	NA	NA	NA	NA	NA	NA	NA	NA	NA	NA	NA	NA	NA	NA	NA	NA	NA	NA	NA	NA	NA	NA	NA	NA	NA	NA	NA	NA	NA	NA	NA	NA	NA	NA	NA	NA	NA	NA	NA	NA	NA	NA	NA	NA	NA	NA	NA	NA	NA	NA	NA
122	17	62381714	79999942	0.501416688835029	1	-0.202518520108105	2.06012537275353	1	1	1	NA	NA	NA	NA	NA	NA	NA	NA	NA	NA	NA	NA	NA	NA	NA	NA	NA	NA	NA	NA	NA	NA	NA	NA	NA	NA	NA	NA	NA	NA	NA	NA	NA	NA	NA	NA	NA	NA	NA	NA	NA	NA	NA	NA	NA	NA	NA	NA	NA	NA	NA	NA	NA	NA	NA	NA	NA
205	19	108032	16654444	0.503847233627538	1	0.946323194999221	5.26112615132896	3	3	1	NA	NA	NA	NA	NA	NA	NA	NA	NA	NA	NA	NA	NA	NA	NA	NA	NA	NA	NA	NA	NA	NA	NA	NA	NA	NA	NA	NA	NA	NA	NA	NA	NA	NA	NA	NA	NA	NA	NA	NA	NA	NA	NA	NA	NA	NA	NA	NA	NA	NA	NA	NA	NA	NA	NA	NA	NA
243	20	60000386	62954601	0.902784056457228	0.000000000443285278475647	-0.194693587271591	2.46174744763714	2	0	0.641116338235594	3	0	0.358883661764406	0.0653756218846868	0.0661889971144675	0.512129960939557	0.77012001934664	1	0	0.320558169117798	3	0	0.679441830882202	0.0326878109423438	0.0330944985572337	0.256064980469778	0.385060009673319	2	0	0.820558169117799	4	0	0.179441830882201	0.0326878109423434	0.0319915385157304	0.758573905305369	0.882884652485013	3	0	0.930961641051961	3	1	0.0690383589480387	0.00874297537027297	0.00887425221775445	0.912548652948531	0.94704215044655	3	0	0.965480820525981	3	2	0.0345191794740193	0.00437148768513645	0.00443712610887723	0.956274326474266	0.973521075223275	NA	NA	NA	NA	NA	NA	NA	NA	NA	NA
244	21	15273817	20159703	0.69477347207417	0.0000000000000000000000000000000000000000013269192806079	0.425211695991615	3.49353147456041	2	1	0.360433187767453	3	1	0.639566812232547	0.0240285153238517	0.024259683800244	0.313647516440215	0.409131035017436	1	1	0.180216593883726	3	1	0.819783406116274	0.0120142576619259	0.0117348892235235	0.157232999555671	0.203489947325465	2	1	0.680216593883726	4	1	0.319783406116274	0.0120142576619258	0.0117348892235235	0.657232999555671	0.703489947325466	2	0	0.280973245699128	2	1	0.719026754300872	0.00824718058281659	0.00805821343157425	0.264659736102283	0.296459613409783	2	0	0.640486622849564	2	2	0.359513377150436	0.0041235902914083	0.00402910671578713	0.632329868051141	0.648229806704891	NA	NA	NA	NA	NA	NA	NA	NA	NA	NA
245	21	20160506	37836230	0.723293670228011	1	0.461311487239971	3.59647715596663	3	1	1	NA	NA	NA	NA	NA	NA	NA	NA	NA	NA	NA	NA	NA	NA	NA	NA	NA	NA	NA	NA	NA	NA	NA	NA	NA	NA	NA	NA	NA	NA	NA	NA	NA	NA	NA	NA	NA	NA	NA	NA	NA	NA	NA	NA	NA	NA	NA	NA	NA	NA	NA	NA	NA	NA	NA	NA	NA
246	21	37839410	48101335	0.703229285584421	0.000000000000000000000000000000000000000000000137551823337285	0.586568047809609	3.97432377447734	2	1	0.240509860069793	3	1	0.759490139930207	0.0158192241303076	0.0160493364504401	0.208208554360092	0.270498365088306	1	1	0.120254930034897	3	1	0.879745069965103	0.00790961206515371	0.00773670653529695	0.104880393055278	0.135114014444566	2	1	0.620254930034897	4	1	0.379745069965103	0.00790961206515378	0.00773670653529695	0.604880393055278	0.635114014444566	3	1	0.898502118071511	3	2	0.101497881928489	0.00720325442729108	0.00727271282858906	0.883757656661369	0.91252813161752	3	0	0.449251059035755	3	2	0.550748940964245	0.00360162721364554	0.00363635641429453	0.441878828330685	0.45626406580876	3	1	0.949251059035755	3	3	0.0507489409642446	0.0036016272136456	0.00363635641429453	0.941878828330684	0.95626406580876
247	22	16572992	19931853	0.501266041028787	1	-0.152092239296621	2.15365773101142	1	1	1	NA	NA	NA	NA	NA	NA	NA	NA	NA	NA	NA	NA	NA	NA	NA	NA	NA	NA	NA	NA	NA	NA	NA	NA	NA	NA	NA	NA	NA	NA	NA	NA	NA	NA	NA	NA	NA	NA	NA	NA	NA	NA	NA	NA	NA	NA	NA	NA	NA	NA	NA	NA	NA	NA	NA	NA	NA
248	22	19932095	21255763	0.64677010099835	1	0.384108921625968	3.37941251774746	2	1	1	NA	NA	NA	NA	NA	NA	NA	NA	NA	NA	NA	NA	NA	NA	NA	NA	NA	NA	NA	NA	NA	NA	NA	NA	NA	NA	NA	NA	NA	NA	NA	NA	NA	NA	NA	NA	NA	NA	NA	NA	NA	NA	NA	NA	NA	NA	NA	NA	NA	NA	NA	NA	NA	NA	NA	NA	NA
249	22	21256671	49998877	0.501276358419593	1	-0.19345682997563	2.07669324622524	1	1	1	NA	NA	NA	NA	NA	NA	NA	NA	NA	NA	NA	NA	NA	NA	NA	NA	NA	NA	NA	NA	NA	NA	NA	NA	NA	NA	NA	NA	NA	NA	NA	NA	NA	NA	NA	NA	NA	NA	NA	NA	NA	NA	NA	NA	NA	NA	NA	NA	NA	NA	NA	NA	NA	NA	NA	NA	NA
250	X	1455666	155239499	0.502215848469349	1	-0.26450120167593	1.94954772003106	1	1	1	NA	NA	NA	NA	NA	NA	NA	NA	NA	NA	NA	NA	NA	NA	NA	NA	NA	NA	NA	NA	NA	NA	NA	NA	NA	NA	NA	NA	NA	NA	NA	NA	NA	NA	NA	NA	NA	NA	NA	NA	NA	NA	NA	NA	NA	NA	NA	NA	NA	NA	NA	NA	NA	NA	NA	NA	NA
