	chr	startpos	endpos	BAF	pval	LogR	ntot	nMaj1_A	nMin1_A	frac1_A	nMaj2_A	nMin2_A	frac2_A	SDfrac_A	SDfrac_A_BS	frac1_A_0.025	frac1_A_0.975	nMaj1_B	nMin1_B	frac1_B	nMaj2_B	nMin2_B	frac2_B	SDfrac_B	SDfrac_B_BS	frac1_B_0.025	frac1_B_0.975	nMaj1_C	nMin1_C	frac1_C	nMaj2_C	nMin2_C	frac2_C	SDfrac_C	SDfrac_C_BS	frac1_C_0.025	frac1_C_0.975	nMaj1_D	nMin1_D	frac1_D	nMaj2_D	nMin2_D	frac2_D	SDfrac_D	SDfrac_D_BS	frac1_D_0.025	frac1_D_0.975	nMaj1_E	nMin1_E	frac1_E	nMaj2_E	nMin2_E	frac2_E	SDfrac_E	SDfrac_E_BS	frac1_E_0.025	frac1_E_0.975	nMaj1_F	nMin1_F	frac1_F	nMaj2_F	nMin2_F	frac2_F	SDfrac_F	SDfrac_F_BS	frac1_F_0.025	frac1_F_0.975
1	1	785522	26617264	0.62255822150604	1	0.323985432804633	3.23977604689825	2	1	1	NA	NA	NA	NA	NA	NA	NA	NA	NA	NA	NA	NA	NA	NA	NA	NA	NA	NA	NA	NA	NA	NA	NA	NA	NA	NA	NA	NA	NA	NA	NA	NA	NA	NA	NA	NA	NA	NA	NA	NA	NA	NA	NA	NA	NA	NA	NA	NA	NA	NA	NA	NA	NA	NA	NA	NA	NA
2	1	26646471	79503456	0.501920257102933	1	-0.147592698189056	2.07566004128687	1	1	1	NA	NA	NA	NA	NA	NA	NA	NA	NA	NA	NA	NA	NA	NA	NA	NA	NA	NA	NA	NA	NA	NA	NA	NA	NA	NA	NA	NA	NA	NA	NA	NA	NA	NA	NA	NA	NA	NA	NA	NA	NA	NA	NA	NA	NA	NA	NA	NA	NA	NA	NA	NA	NA	NA	NA	NA	NA
3	1	79504730	102636515	0.760957537361275	1	-0.800173084149792	1.06288694822564	1	0	1	NA	NA	NA	NA	NA	NA	NA	NA	NA	NA	NA	NA	NA	NA	NA	NA	NA	NA	NA	NA	NA	NA	NA	NA	NA	NA	NA	NA	NA	NA	NA	NA	NA	NA	NA	NA	NA	NA	NA	NA	NA	NA	NA	NA	NA	NA	NA	NA	NA	NA	NA	NA	NA	NA	NA	NA	NA
4	1	102638661	110504663	0.500640794387248	1	-0.197614178413539	1.97305218650505	1	1	1	NA	NA	NA	NA	NA	NA	NA	NA	NA	NA	NA	NA	NA	NA	NA	NA	NA	NA	NA	NA	NA	NA	NA	NA	NA	NA	NA	NA	NA	NA	NA	NA	NA	NA	NA	NA	NA	NA	NA	NA	NA	NA	NA	NA	NA	NA	NA	NA	NA	NA	NA	NA	NA	NA	NA	NA	NA
5	1	110525630	145535921	0.767376688428315	1	-0.737587163740333	1.1180263123898	1	0	1	NA	NA	NA	NA	NA	NA	NA	NA	NA	NA	NA	NA	NA	NA	NA	NA	NA	NA	NA	NA	NA	NA	NA	NA	NA	NA	NA	NA	NA	NA	NA	NA	NA	NA	NA	NA	NA	NA	NA	NA	NA	NA	NA	NA	NA	NA	NA	NA	NA	NA	NA	NA	NA	NA	NA	NA	NA
6	1	145538664	188746835	0.849067883499751	1	-0.134302798212837	2.22938128996744	2	0	1	NA	NA	NA	NA	NA	NA	NA	NA	NA	NA	NA	NA	NA	NA	NA	NA	NA	NA	NA	NA	NA	NA	NA	NA	NA	NA	NA	NA	NA	NA	NA	NA	NA	NA	NA	NA	NA	NA	NA	NA	NA	NA	NA	NA	NA	NA	NA	NA	NA	NA	NA	NA	NA	NA	NA	NA	NA
7	1	188748296	189003035	0.627354056915261	1	0.231698937139211	2.98106667741818	2	1	1	NA	NA	NA	NA	NA	NA	NA	NA	NA	NA	NA	NA	NA	NA	NA	NA	NA	NA	NA	NA	NA	NA	NA	NA	NA	NA	NA	NA	NA	NA	NA	NA	NA	NA	NA	NA	NA	NA	NA	NA	NA	NA	NA	NA	NA	NA	NA	NA	NA	NA	NA	NA	NA	NA	NA	NA	NA
8	1	189008632	237892645	0.845120863901388	1	-0.16471982882131	2.14873077425693	2	0	1	NA	NA	NA	NA	NA	NA	NA	NA	NA	NA	NA	NA	NA	NA	NA	NA	NA	NA	NA	NA	NA	NA	NA	NA	NA	NA	NA	NA	NA	NA	NA	NA	NA	NA	NA	NA	NA	NA	NA	NA	NA	NA	NA	NA	NA	NA	NA	NA	NA	NA	NA	NA	NA	NA	NA	NA	NA
9	1	237894763	249214082	0.88101234589607	1	0.215163972747729	3.07900077682501	3	0	1	NA	NA	NA	NA	NA	NA	NA	NA	NA	NA	NA	NA	NA	NA	NA	NA	NA	NA	NA	NA	NA	NA	NA	NA	NA	NA	NA	NA	NA	NA	NA	NA	NA	NA	NA	NA	NA	NA	NA	NA	NA	NA	NA	NA	NA	NA	NA	NA	NA	NA	NA	NA	NA	NA	NA	NA	NA
10	2	14004	205712724	0.50136535350998	1	-0.178447416697512	2.01194865341803	1	1	1	NA	NA	NA	NA	NA	NA	NA	NA	NA	NA	NA	NA	NA	NA	NA	NA	NA	NA	NA	NA	NA	NA	NA	NA	NA	NA	NA	NA	NA	NA	NA	NA	NA	NA	NA	NA	NA	NA	NA	NA	NA	NA	NA	NA	NA	NA	NA	NA	NA	NA	NA	NA	NA	NA	NA	NA	NA
11	2	205743122	205912403	0.707492554391184	1	0.590030695158368	4.0852592545402	3	1	1	NA	NA	NA	NA	NA	NA	NA	NA	NA	NA	NA	NA	NA	NA	NA	NA	NA	NA	NA	NA	NA	NA	NA	NA	NA	NA	NA	NA	NA	NA	NA	NA	NA	NA	NA	NA	NA	NA	NA	NA	NA	NA	NA	NA	NA	NA	NA	NA	NA	NA	NA	NA	NA	NA	NA	NA	NA
12	2	205918294	227077377	0.501905081293188	1	-0.195760399228616	1.97679165935975	1	1	1	NA	NA	NA	NA	NA	NA	NA	NA	NA	NA	NA	NA	NA	NA	NA	NA	NA	NA	NA	NA	NA	NA	NA	NA	NA	NA	NA	NA	NA	NA	NA	NA	NA	NA	NA	NA	NA	NA	NA	NA	NA	NA	NA	NA	NA	NA	NA	NA	NA	NA	NA	NA	NA	NA	NA	NA	NA
13	2	227082809	227373412	0.749115820323889	1	-0.785165713926116	1.000123100006	1	0	1	NA	NA	NA	NA	NA	NA	NA	NA	NA	NA	NA	NA	NA	NA	NA	NA	NA	NA	NA	NA	NA	NA	NA	NA	NA	NA	NA	NA	NA	NA	NA	NA	NA	NA	NA	NA	NA	NA	NA	NA	NA	NA	NA	NA	NA	NA	NA	NA	NA	NA	NA	NA	NA	NA	NA	NA	NA
14	2	227444070	233990594	0.502153775561437	1	-0.136080692575078	2.09978220010651	1	1	1	NA	NA	NA	NA	NA	NA	NA	NA	NA	NA	NA	NA	NA	NA	NA	NA	NA	NA	NA	NA	NA	NA	NA	NA	NA	NA	NA	NA	NA	NA	NA	NA	NA	NA	NA	NA	NA	NA	NA	NA	NA	NA	NA	NA	NA	NA	NA	NA	NA	NA	NA	NA	NA	NA	NA	NA	NA
15	2	234117252	242852953	0.742271844185208	2.42746562735238e-84	-0.672885331190027	1.15676792854766	1	0	0.958061348072311	1	1	0.0419386519276893	0.00217066983678355	0.00217398410932424	0.953803313015593	0.962128253914068	1	0	0.979030674036155	1	2	0.0209693259638446	0.0010853349183918	0.00108699205466212	0.976901656507797	0.981064126957034	2	0	0.61084602819486	2	1	0.38915397180514	0.00364967743677413	0.00365524992205341	0.603686738371899	0.617683961000958	2	0	0.80542301409743	2	2	0.19457698590257	0.00182483871838712	0.00183534125382488	0.801815565418569	0.809152971898572	NA	NA	NA	NA	NA	NA	NA	NA	NA	NA	NA	NA	NA	NA	NA	NA	NA	NA	NA	NA
16	3	61466	851289	0.691545234908299	4.30155307165572e-130	-0.00143464773766739	2.39668494691637	2	0	0.366988408512435	2	1	0.633011591487565	0.0105600693538141	0.0106278624654047	0.343995740806919	0.386530549032375	2	0	0.683494204256217	2	2	0.316505795743783	0.00528003467690713	0.00531393123270234	0.671997870403459	0.693265274516187	1	0	0.813025413065872	1	1	0.186974586934128	0.00628067121485831	0.00632099161714605	0.799350371608055	0.824648230618294	1	0	0.906512706532936	1	2	0.0934872934670641	0.0031403356074291	0.00316049580857303	0.899675185804027	0.912324115309147	NA	NA	NA	NA	NA	NA	NA	NA	NA	NA	NA	NA	NA	NA	NA	NA	NA	NA	NA	NA
17	3	856808	916868	0.811133856217661	3.16463356252607e-09	0.209704193399814	2.92181208285013	2	0	0.893079337908862	2	1	0.106920662091138	0.0175495892885998	0.0169930450442936	0.857063165670752	0.923422416071887	2	0	0.946539668954431	2	2	0.0534603310455687	0.00877479464430003	0.00849652252214678	0.928531582835376	0.961711208035944	3	0	0.660237196831152	3	1	0.339762803168848	0.0246614440714426	0.0238793639595645	0.609625709421895	0.702876606378983	3	0	0.830118598415576	3	2	0.169881401584424	0.0123307220357213	0.0119396819797822	0.804812854710948	0.851438303189492	NA	NA	NA	NA	NA	NA	NA	NA	NA	NA	NA	NA	NA	NA	NA	NA	NA	NA	NA	NA
18	3	932737	1137494	0.620552554752083	1	0.184460046085468	2.85490763307953	2	1	1	NA	NA	NA	NA	NA	NA	NA	NA	NA	NA	NA	NA	NA	NA	NA	NA	NA	NA	NA	NA	NA	NA	NA	NA	NA	NA	NA	NA	NA	NA	NA	NA	NA	NA	NA	NA	NA	NA	NA	NA	NA	NA	NA	NA	NA	NA	NA	NA	NA	NA	NA	NA	NA	NA	NA	NA	NA
19	3	1145422	1176722	0.799514315826701	7.88616765941473e-05	0.190347223492682	2.87040588326526	2	0	0.848865903278599	2	1	0.151134096721401	0.0379890882399521	0.0398177297040117	0.766580639344776	0.914620416019651	2	0	0.9244329516393	2	2	0.0755670483607003	0.0189945441199761	0.0199088648520059	0.883290319672388	0.957310208009825	3	0	0.598106560757013	3	1	0.401893439242987	0.0533839145491153	0.0559536008506582	0.482475738802332	0.690507654124011	3	0	0.799053280378506	3	2	0.200946719621494	0.0266919572745576	0.0279768004253291	0.741237869401166	0.845253827062006	NA	NA	NA	NA	NA	NA	NA	NA	NA	NA	NA	NA	NA	NA	NA	NA	NA	NA	NA	NA
20	3	1177503	1298808	0.595755849673769	0.000122960238204833	0.187510275708575	2.86292959978223	1	1	0.304695673785986	2	1	0.695304326214014	0.0715384755837428	0.07099056298097	0.157379020726393	0.444397303835491	0	1	0.152347836892993	2	1	0.847652163107007	0.0357692377918714	0.035495281490485	0.0786895103631966	0.222198651917746	1	1	0.652347836892994	3	1	0.347652163107006	0.0357692377918713	0.035495281490485	0.578689510363197	0.722198651917746	2	1	0.7932518097386	2	2	0.2067481902614	0.0553681880795525	0.054918166064529	0.677378727354138	0.899236209496585	2	0	0.3966259048693	2	2	0.6033740951307	0.0276840940397762	0.0274590830322645	0.338689363677069	0.449618104748293	2	1	0.8966259048693	2	3	0.1033740951307	0.0276840940397762	0.0274590830322645	0.838689363677069	0.949618104748293
21	3	1299217	27350858	0.694561835672893	0	0.0909879182894379	2.61712602261565	2	0	0.382486221084638	2	1	0.617513778915362	0.00238464616559317	0.00227344632818962	0.377999338228634	0.386870334309452	2	0	0.691243110542319	2	2	0.308756889457681	0.00119232308279649	0.0011994532208939	0.688888676940662	0.693588839883347	1	0	0.822242839775324	1	1	0.177757160224676	0.0014182841066715	0.00140505278445986	0.819469397863709	0.825051785904159	1	0	0.911121419887662	1	2	0.0888785801123383	0.000709142053335776	0.000687306557417199	0.909790966823192	0.912466765668225	NA	NA	NA	NA	NA	NA	NA	NA	NA	NA	NA	NA	NA	NA	NA	NA	NA	NA	NA	NA
22	3	27442115	27707227	0.831796503520628	1.59191420689184e-42	0.955018512640819	5.53053312087867	5	0	0.361999880433361	5	1	0.638000119566639	0.0185641048375914	0.0179648631411872	0.327373794482863	0.396972095877476	5	0	0.680999940216681	5	2	0.319000059783319	0.00928205241879587	0.00898243157059362	0.663686897241432	0.698486047938738	4	0	0.564217004173892	4	1	0.435782995826108	0.0151688445536676	0.0146792004678173	0.535923815793408	0.592793017098304	4	0	0.782108502086946	4	2	0.217891497913054	0.00758442227683381	0.00733960023390864	0.767961907896704	0.796396508549152	NA	NA	NA	NA	NA	NA	NA	NA	NA	NA	NA	NA	NA	NA	NA	NA	NA	NA	NA	NA
23	3	27707901	83734015	0.69457441422861	0	0.094750486561097	2.62640290509669	2	0	0.38255056169214	2	1	0.61744943830786	0.00186036085666963	0.00195075874769261	0.378612146013293	0.386371451385568	2	0	0.69127528084607	2	2	0.30872471915393	0.000930180428334815	0.000914056368356402	0.689556913773804	0.693129270373657	2	1	0.130034140299479	3	1	0.869965859700521	0.00572220892400552	0.00554787598131768	0.118825576231232	0.141054482396488	1	1	0.0650170701497394	3	1	0.934982929850261	0.00286110446200276	0.00296878523402074	0.0594318467249082	0.0711752224913196	2	1	0.565017070149739	4	1	0.434982929850261	0.00286110446200277	0.00286922628686434	0.559443117718438	0.570676543867662	NA	NA	NA	NA	NA	NA	NA	NA	NA	NA
24	3	83734757	197832951	0.62586302622501	1	0.246096958538183	3.02034755597028	2	1	1	NA	NA	NA	NA	NA	NA	NA	NA	NA	NA	NA	NA	NA	NA	NA	NA	NA	NA	NA	NA	NA	NA	NA	NA	NA	NA	NA	NA	NA	NA	NA	NA	NA	NA	NA	NA	NA	NA	NA	NA	NA	NA	NA	NA	NA	NA	NA	NA	NA	NA	NA	NA	NA	NA	NA	NA	NA
25	4	69389	190790246	0.501097836975985	1	-0.199314014745996	1.96962747010067	1	1	1	NA	NA	NA	NA	NA	NA	NA	NA	NA	NA	NA	NA	NA	NA	NA	NA	NA	NA	NA	NA	NA	NA	NA	NA	NA	NA	NA	NA	NA	NA	NA	NA	NA	NA	NA	NA	NA	NA	NA	NA	NA	NA	NA	NA	NA	NA	NA	NA	NA	NA	NA	NA	NA	NA	NA	NA	NA
26	5	850203	107803997	0.625423460657122	1	0.221557606245073	2.9536333250121	2	1	1	NA	NA	NA	NA	NA	NA	NA	NA	NA	NA	NA	NA	NA	NA	NA	NA	NA	NA	NA	NA	NA	NA	NA	NA	NA	NA	NA	NA	NA	NA	NA	NA	NA	NA	NA	NA	NA	NA	NA	NA	NA	NA	NA	NA	NA	NA	NA	NA	NA	NA	NA	NA	NA	NA	NA	NA	NA
27	5	107805607	108481697	0.502262208982505	1	-0.165393362418771	2.03873755020517	1	1	1	NA	NA	NA	NA	NA	NA	NA	NA	NA	NA	NA	NA	NA	NA	NA	NA	NA	NA	NA	NA	NA	NA	NA	NA	NA	NA	NA	NA	NA	NA	NA	NA	NA	NA	NA	NA	NA	NA	NA	NA	NA	NA	NA	NA	NA	NA	NA	NA	NA	NA	NA	NA	NA	NA	NA	NA	NA
28	5	108482094	108822512	0.618165770199094	1	0.218099885401262	2.94432382823963	2	1	1	NA	NA	NA	NA	NA	NA	NA	NA	NA	NA	NA	NA	NA	NA	NA	NA	NA	NA	NA	NA	NA	NA	NA	NA	NA	NA	NA	NA	NA	NA	NA	NA	NA	NA	NA	NA	NA	NA	NA	NA	NA	NA	NA	NA	NA	NA	NA	NA	NA	NA	NA	NA	NA	NA	NA	NA	NA
29	5	108826843	109103566	0.501391898615189	1	-0.149031701721282	2.07265827701289	1	1	1	NA	NA	NA	NA	NA	NA	NA	NA	NA	NA	NA	NA	NA	NA	NA	NA	NA	NA	NA	NA	NA	NA	NA	NA	NA	NA	NA	NA	NA	NA	NA	NA	NA	NA	NA	NA	NA	NA	NA	NA	NA	NA	NA	NA	NA	NA	NA	NA	NA	NA	NA	NA	NA	NA	NA	NA	NA
30	5	109107937	111286124	0.620111021491806	1	0.232048652487409	2.98201613767144	2	1	1	NA	NA	NA	NA	NA	NA	NA	NA	NA	NA	NA	NA	NA	NA	NA	NA	NA	NA	NA	NA	NA	NA	NA	NA	NA	NA	NA	NA	NA	NA	NA	NA	NA	NA	NA	NA	NA	NA	NA	NA	NA	NA	NA	NA	NA	NA	NA	NA	NA	NA	NA	NA	NA	NA	NA	NA	NA
31	5	111287817	111703635	0.501232933420259	1	-0.147711333403492	2.07541245472932	1	1	1	NA	NA	NA	NA	NA	NA	NA	NA	NA	NA	NA	NA	NA	NA	NA	NA	NA	NA	NA	NA	NA	NA	NA	NA	NA	NA	NA	NA	NA	NA	NA	NA	NA	NA	NA	NA	NA	NA	NA	NA	NA	NA	NA	NA	NA	NA	NA	NA	NA	NA	NA	NA	NA	NA	NA	NA	NA
32	5	111724057	139513379	0.627111332877826	1	0.248316424291456	3.0264376815455	2	1	1	NA	NA	NA	NA	NA	NA	NA	NA	NA	NA	NA	NA	NA	NA	NA	NA	NA	NA	NA	NA	NA	NA	NA	NA	NA	NA	NA	NA	NA	NA	NA	NA	NA	NA	NA	NA	NA	NA	NA	NA	NA	NA	NA	NA	NA	NA	NA	NA	NA	NA	NA	NA	NA	NA	NA	NA	NA
33	5	139534297	141032603	0.503396903065454	1	-0.0968492037602348	2.1834483636828	1	1	1	NA	NA	NA	NA	NA	NA	NA	NA	NA	NA	NA	NA	NA	NA	NA	NA	NA	NA	NA	NA	NA	NA	NA	NA	NA	NA	NA	NA	NA	NA	NA	NA	NA	NA	NA	NA	NA	NA	NA	NA	NA	NA	NA	NA	NA	NA	NA	NA	NA	NA	NA	NA	NA	NA	NA	NA	NA
34	5	141034123	142055638	0.622470309554552	1	0.278142998080855	3.10919611647967	2	1	1	NA	NA	NA	NA	NA	NA	NA	NA	NA	NA	NA	NA	NA	NA	NA	NA	NA	NA	NA	NA	NA	NA	NA	NA	NA	NA	NA	NA	NA	NA	NA	NA	NA	NA	NA	NA	NA	NA	NA	NA	NA	NA	NA	NA	NA	NA	NA	NA	NA	NA	NA	NA	NA	NA	NA	NA	NA
35	5	142059685	146113492	0.501353218241077	1	-0.206486969906792	1.95522023787772	1	1	1	NA	NA	NA	NA	NA	NA	NA	NA	NA	NA	NA	NA	NA	NA	NA	NA	NA	NA	NA	NA	NA	NA	NA	NA	NA	NA	NA	NA	NA	NA	NA	NA	NA	NA	NA	NA	NA	NA	NA	NA	NA	NA	NA	NA	NA	NA	NA	NA	NA	NA	NA	NA	NA	NA	NA	NA	NA
36	5	146118651	180685900	0.625576584033531	1	0.257967181381617	3.05302818728575	2	1	1	NA	NA	NA	NA	NA	NA	NA	NA	NA	NA	NA	NA	NA	NA	NA	NA	NA	NA	NA	NA	NA	NA	NA	NA	NA	NA	NA	NA	NA	NA	NA	NA	NA	NA	NA	NA	NA	NA	NA	NA	NA	NA	NA	NA	NA	NA	NA	NA	NA	NA	NA	NA	NA	NA	NA	NA	NA
37	6	205800	74104299	0.501311176531015	1	-0.16375481446369	2.04211725345975	1	1	1	NA	NA	NA	NA	NA	NA	NA	NA	NA	NA	NA	NA	NA	NA	NA	NA	NA	NA	NA	NA	NA	NA	NA	NA	NA	NA	NA	NA	NA	NA	NA	NA	NA	NA	NA	NA	NA	NA	NA	NA	NA	NA	NA	NA	NA	NA	NA	NA	NA	NA	NA	NA	NA	NA	NA	NA	NA
38	6	74123695	75255111	0.762482162679787	1	-0.804080449856839	1.07571333372721	1	0	1	NA	NA	NA	NA	NA	NA	NA	NA	NA	NA	NA	NA	NA	NA	NA	NA	NA	NA	NA	NA	NA	NA	NA	NA	NA	NA	NA	NA	NA	NA	NA	NA	NA	NA	NA	NA	NA	NA	NA	NA	NA	NA	NA	NA	NA	NA	NA	NA	NA	NA	NA	NA	NA	NA	NA	NA	NA
39	6	75256004	78871385	0.502176569879906	1	-0.226466053646667	1.91546684127035	1	1	1	NA	NA	NA	NA	NA	NA	NA	NA	NA	NA	NA	NA	NA	NA	NA	NA	NA	NA	NA	NA	NA	NA	NA	NA	NA	NA	NA	NA	NA	NA	NA	NA	NA	NA	NA	NA	NA	NA	NA	NA	NA	NA	NA	NA	NA	NA	NA	NA	NA	NA	NA	NA	NA	NA	NA	NA	NA
40	6	78896547	165141684	0.762009927015569	1	-0.799542599070158	1.0717229362612	1	0	1	NA	NA	NA	NA	NA	NA	NA	NA	NA	NA	NA	NA	NA	NA	NA	NA	NA	NA	NA	NA	NA	NA	NA	NA	NA	NA	NA	NA	NA	NA	NA	NA	NA	NA	NA	NA	NA	NA	NA	NA	NA	NA	NA	NA	NA	NA	NA	NA	NA	NA	NA	NA	NA	NA	NA	NA	NA
41	6	165262325	167415440	0.83777004548431	1	-0.236736169784163	2.00898966818676	2	0	1	NA	NA	NA	NA	NA	NA	NA	NA	NA	NA	NA	NA	NA	NA	NA	NA	NA	NA	NA	NA	NA	NA	NA	NA	NA	NA	NA	NA	NA	NA	NA	NA	NA	NA	NA	NA	NA	NA	NA	NA	NA	NA	NA	NA	NA	NA	NA	NA	NA	NA	NA	NA	NA	NA	NA	NA	NA
42	6	167419105	170620089	0.756506739751442	1	-0.772466164619848	1.01723522245779	1	0	1	NA	NA	NA	NA	NA	NA	NA	NA	NA	NA	NA	NA	NA	NA	NA	NA	NA	NA	NA	NA	NA	NA	NA	NA	NA	NA	NA	NA	NA	NA	NA	NA	NA	NA	NA	NA	NA	NA	NA	NA	NA	NA	NA	NA	NA	NA	NA	NA	NA	NA	NA	NA	NA	NA	NA	NA	NA
43	6	170621249	170919735	0.831727051704436	1	-0.244378016904857	1.88029152489573	2	0	1	NA	NA	NA	NA	NA	NA	NA	NA	NA	NA	NA	NA	NA	NA	NA	NA	NA	NA	NA	NA	NA	NA	NA	NA	NA	NA	NA	NA	NA	NA	NA	NA	NA	NA	NA	NA	NA	NA	NA	NA	NA	NA	NA	NA	NA	NA	NA	NA	NA	NA	NA	NA	NA	NA	NA	NA	NA
44	7	80500	99046250	0.501637581323988	1	-0.180736987705773	2.00727504146551	1	1	1	NA	NA	NA	NA	NA	NA	NA	NA	NA	NA	NA	NA	NA	NA	NA	NA	NA	NA	NA	NA	NA	NA	NA	NA	NA	NA	NA	NA	NA	NA	NA	NA	NA	NA	NA	NA	NA	NA	NA	NA	NA	NA	NA	NA	NA	NA	NA	NA	NA	NA	NA	NA	NA	NA	NA	NA	NA
45	7	99099542	121717108	0.627812106581348	1	0.256065386072711	3.04777413317237	2	1	1	NA	NA	NA	NA	NA	NA	NA	NA	NA	NA	NA	NA	NA	NA	NA	NA	NA	NA	NA	NA	NA	NA	NA	NA	NA	NA	NA	NA	NA	NA	NA	NA	NA	NA	NA	NA	NA	NA	NA	NA	NA	NA	NA	NA	NA	NA	NA	NA	NA	NA	NA	NA	NA	NA	NA	NA	NA
46	7	121719586	122345672	0.705313959175732	1	0.550110843722441	3.9482429342962	3	1	1	NA	NA	NA	NA	NA	NA	NA	NA	NA	NA	NA	NA	NA	NA	NA	NA	NA	NA	NA	NA	NA	NA	NA	NA	NA	NA	NA	NA	NA	NA	NA	NA	NA	NA	NA	NA	NA	NA	NA	NA	NA	NA	NA	NA	NA	NA	NA	NA	NA	NA	NA	NA	NA	NA	NA	NA	NA
47	7	122346263	126296536	0.628256113760773	1	0.209824397891019	2.92213346900751	2	1	1	NA	NA	NA	NA	NA	NA	NA	NA	NA	NA	NA	NA	NA	NA	NA	NA	NA	NA	NA	NA	NA	NA	NA	NA	NA	NA	NA	NA	NA	NA	NA	NA	NA	NA	NA	NA	NA	NA	NA	NA	NA	NA	NA	NA	NA	NA	NA	NA	NA	NA	NA	NA	NA	NA	NA	NA	NA
48	7	126297478	130935743	0.706757185599336	1	0.653480478668532	4.31099137145246	3	1	1	NA	NA	NA	NA	NA	NA	NA	NA	NA	NA	NA	NA	NA	NA	NA	NA	NA	NA	NA	NA	NA	NA	NA	NA	NA	NA	NA	NA	NA	NA	NA	NA	NA	NA	NA	NA	NA	NA	NA	NA	NA	NA	NA	NA	NA	NA	NA	NA	NA	NA	NA	NA	NA	NA	NA	NA	NA
49	7	130949057	159122935	0.626174542512727	1	0.262443760030014	3.06542292018341	2	1	1	NA	NA	NA	NA	NA	NA	NA	NA	NA	NA	NA	NA	NA	NA	NA	NA	NA	NA	NA	NA	NA	NA	NA	NA	NA	NA	NA	NA	NA	NA	NA	NA	NA	NA	NA	NA	NA	NA	NA	NA	NA	NA	NA	NA	NA	NA	NA	NA	NA	NA	NA	NA	NA	NA	NA	NA	NA
50	8	155687	52740683	0.50276992629055	1	-0.214739307244332	1.93873338281787	1	1	1	NA	NA	NA	NA	NA	NA	NA	NA	NA	NA	NA	NA	NA	NA	NA	NA	NA	NA	NA	NA	NA	NA	NA	NA	NA	NA	NA	NA	NA	NA	NA	NA	NA	NA	NA	NA	NA	NA	NA	NA	NA	NA	NA	NA	NA	NA	NA	NA	NA	NA	NA	NA	NA	NA	NA	NA	NA
51	8	52885683	126391143	0.843878656279359	1	-0.187149275207399	2.1241920806934	2	0	1	NA	NA	NA	NA	NA	NA	NA	NA	NA	NA	NA	NA	NA	NA	NA	NA	NA	NA	NA	NA	NA	NA	NA	NA	NA	NA	NA	NA	NA	NA	NA	NA	NA	NA	NA	NA	NA	NA	NA	NA	NA	NA	NA	NA	NA	NA	NA	NA	NA	NA	NA	NA	NA	NA	NA	NA	NA
52	8	126400081	128604683	0.513093219339604	6.97737884949976e-06	-1.88131148342686	0.0456887553088403	0	0	0.974849056849859	1	0	0.0251509431501413	0.0057234319690701	0.00557651773384802	0.964050792026134	0.985463744163999	0	0	0.987424528424929	2	0	0.0125754715750707	0.00286171598453494	0.00278825886692401	0.982025396013067	0.992731872082	1	0	0.0749037445641591	1	1	0.925096255435841	0.0161753539250485	0.0157560950912827	0.0441728341169326	0.104683035177621	1	0	0.53745187228208	1	2	0.46254812771792	0.00808767696252422	0.00828644471273092	0.520485161844842	0.553839148889385	NA	NA	NA	NA	NA	NA	NA	NA	NA	NA	NA	NA	NA	NA	NA	NA	NA	NA	NA	NA
53	8	128609364	146300622	0.844520734908595	1	-0.142066448770065	2.08721567665056	2	0	1	NA	NA	NA	NA	NA	NA	NA	NA	NA	NA	NA	NA	NA	NA	NA	NA	NA	NA	NA	NA	NA	NA	NA	NA	NA	NA	NA	NA	NA	NA	NA	NA	NA	NA	NA	NA	NA	NA	NA	NA	NA	NA	NA	NA	NA	NA	NA	NA	NA	NA	NA	NA	NA	NA	NA	NA	NA
54	9	203937	38758155	0.627257643212681	1	0.232401247488904	2.98297364907618	2	1	1	NA	NA	NA	NA	NA	NA	NA	NA	NA	NA	NA	NA	NA	NA	NA	NA	NA	NA	NA	NA	NA	NA	NA	NA	NA	NA	NA	NA	NA	NA	NA	NA	NA	NA	NA	NA	NA	NA	NA	NA	NA	NA	NA	NA	NA	NA	NA	NA	NA	NA	NA	NA	NA	NA	NA	NA	NA
55	9	38758279	132964118	0.582134347172224	0	0.347323538409604	3.30786451007176	2	1	0.696330884412934	2	2	0.303669115587066	0.00212727302035004	0.00211741320012978	0.692049092094524	0.70022838224371	2	0	0.348165442206467	2	2	0.651834557793533	0.00106363651017502	0.00111394356925739	0.345857258680606	0.35032760682968	2	1	0.848165442206467	2	3	0.151834557793533	0.00106363651017499	0.00103304824863728	0.846103614123133	0.850096979730016	2	2	0.0299319360889214	3	2	0.970068063911079	0.00412853940015695	0.00407836330714669	0.0215473028495253	0.037471182860636	1	2	0.0149659680444607	3	2	0.985034031955539	0.00206426970007847	0.00212870091435163	0.010583411202774	0.0192276736140563	2	2	0.51496596804446	4	2	0.48503403195554	0.00206426970007861	0.00214031437634231	0.510759583478853	0.519221781039787
56	9	132979506	133902941	0.50756938535767	1	0.739458064857707	4.63314926986385	2	2	1	NA	NA	NA	NA	NA	NA	NA	NA	NA	NA	NA	NA	NA	NA	NA	NA	NA	NA	NA	NA	NA	NA	NA	NA	NA	NA	NA	NA	NA	NA	NA	NA	NA	NA	NA	NA	NA	NA	NA	NA	NA	NA	NA	NA	NA	NA	NA	NA	NA	NA	NA	NA	NA	NA	NA	NA	NA
57	9	133903863	136142355	0.845249659376508	1	-0.107180426559838	2.16119455943702	2	0	1	NA	NA	NA	NA	NA	NA	NA	NA	NA	NA	NA	NA	NA	NA	NA	NA	NA	NA	NA	NA	NA	NA	NA	NA	NA	NA	NA	NA	NA	NA	NA	NA	NA	NA	NA	NA	NA	NA	NA	NA	NA	NA	NA	NA	NA	NA	NA	NA	NA	NA	NA	NA	NA	NA	NA	NA	NA
58	9	136143000	138372207	0.581721224467062	8.87777615435591e-190	0.404254402894233	3.47865388001895	2	1	0.693320478852837	2	2	0.306679521147163	0.0100266336474772	0.00960723204149297	0.673416654018428	0.71167211670983	2	0	0.346660239426418	2	2	0.653339760573582	0.00501331682373851	0.00480361602074649	0.336708327009214	0.355836058354915	2	1	0.846660239426418	2	3	0.153339760573582	0.00501331682373857	0.00487850460227996	0.836354061955887	0.855554211214727	2	2	0.0357645152028494	3	2	0.964235484797151	0.0193934724193591	0.0188518622109947	0.000808648658962837	0.0750866025122435	1	2	0.0178822576014247	3	2	0.982117742398575	0.00969673620967958	0.00942593110549734	0.000404324329481419	0.0375433012561218	2	2	0.517882257601424	4	2	0.482117742398576	0.00969673620967959	0.00942593110549735	0.500404324329481	0.537543301256121
59	9	138372389	141068960	0.521801974270349	1.14436045529619e-26	0.762022001759563	4.72092525237294	2	2	0.774989846126574	3	2	0.225010153873426	0.0215236191145119	0.0207258563923036	0.733693454623349	0.814141789034629	1	2	0.387494923063287	3	2	0.612505076936713	0.0107618095572559	0.0103629281961518	0.366846727311675	0.407070894517314	2	2	0.887494923063287	4	2	0.112505076936713	0.0107618095572556	0.0103629281961518	0.866846727311674	0.907070894517314	3	2	0.289771536613151	3	3	0.710228463386849	0.0254021078805075	0.0244626163311787	0.242869865834197	0.337228068559561	3	1	0.144885768306576	3	3	0.855114231693424	0.0127010539402538	0.0122313081655893	0.121434932917098	0.168614034279781	3	2	0.644885768306576	3	4	0.355114231693424	0.0127010539402539	0.0122313081655893	0.621434932917098	0.668614034279781
60	10	150922	135208463	0.5013692097884	1	-0.174948940361798	2.01910429736262	1	1	1	NA	NA	NA	NA	NA	NA	NA	NA	NA	NA	NA	NA	NA	NA	NA	NA	NA	NA	NA	NA	NA	NA	NA	NA	NA	NA	NA	NA	NA	NA	NA	NA	NA	NA	NA	NA	NA	NA	NA	NA	NA	NA	NA	NA	NA	NA	NA	NA	NA	NA	NA	NA	NA	NA	NA	NA	NA
61	11	232855	5433738	0.627469296564447	1	0.33570023518819	3.27381607220917	2	1	1	NA	NA	NA	NA	NA	NA	NA	NA	NA	NA	NA	NA	NA	NA	NA	NA	NA	NA	NA	NA	NA	NA	NA	NA	NA	NA	NA	NA	NA	NA	NA	NA	NA	NA	NA	NA	NA	NA	NA	NA	NA	NA	NA	NA	NA	NA	NA	NA	NA	NA	NA	NA	NA	NA	NA	NA	NA
62	11	5434629	25408986	0.698892848117438	1	0.572206551885861	4.0236130006427	3	1	1	NA	NA	NA	NA	NA	NA	NA	NA	NA	NA	NA	NA	NA	NA	NA	NA	NA	NA	NA	NA	NA	NA	NA	NA	NA	NA	NA	NA	NA	NA	NA	NA	NA	NA	NA	NA	NA	NA	NA	NA	NA	NA	NA	NA	NA	NA	NA	NA	NA	NA	NA	NA	NA	NA	NA	NA	NA
63	11	25499520	36124633	0.628527454452405	1	0.246041360015477	3.02019511609752	2	1	1	NA	NA	NA	NA	NA	NA	NA	NA	NA	NA	NA	NA	NA	NA	NA	NA	NA	NA	NA	NA	NA	NA	NA	NA	NA	NA	NA	NA	NA	NA	NA	NA	NA	NA	NA	NA	NA	NA	NA	NA	NA	NA	NA	NA	NA	NA	NA	NA	NA	NA	NA	NA	NA	NA	NA	NA	NA
64	11	36126838	38811740	0.698447479320092	1	0.510953415504471	3.81747697529483	3	1	1	NA	NA	NA	NA	NA	NA	NA	NA	NA	NA	NA	NA	NA	NA	NA	NA	NA	NA	NA	NA	NA	NA	NA	NA	NA	NA	NA	NA	NA	NA	NA	NA	NA	NA	NA	NA	NA	NA	NA	NA	NA	NA	NA	NA	NA	NA	NA	NA	NA	NA	NA	NA	NA	NA	NA	NA	NA
65	11	38817699	134940252	0.626294127680422	1	0.264264128953039	3.07047416020686	2	1	1	NA	NA	NA	NA	NA	NA	NA	NA	NA	NA	NA	NA	NA	NA	NA	NA	NA	NA	NA	NA	NA	NA	NA	NA	NA	NA	NA	NA	NA	NA	NA	NA	NA	NA	NA	NA	NA	NA	NA	NA	NA	NA	NA	NA	NA	NA	NA	NA	NA	NA	NA	NA	NA	NA	NA	NA	NA
66	12	192990	133838053	0.501593671886577	1	-0.17021085046439	2.0288231029322	1	1	1	NA	NA	NA	NA	NA	NA	NA	NA	NA	NA	NA	NA	NA	NA	NA	NA	NA	NA	NA	NA	NA	NA	NA	NA	NA	NA	NA	NA	NA	NA	NA	NA	NA	NA	NA	NA	NA	NA	NA	NA	NA	NA	NA	NA	NA	NA	NA	NA	NA	NA	NA	NA	NA	NA	NA	NA	NA
67	13	19449788	114999838	0.501599781680075	1	-0.209958535661286	1.94827310935576	1	1	1	NA	NA	NA	NA	NA	NA	NA	NA	NA	NA	NA	NA	NA	NA	NA	NA	NA	NA	NA	NA	NA	NA	NA	NA	NA	NA	NA	NA	NA	NA	NA	NA	NA	NA	NA	NA	NA	NA	NA	NA	NA	NA	NA	NA	NA	NA	NA	NA	NA	NA	NA	NA	NA	NA	NA	NA	NA
68	14	20432548	69647801	0.502007963072342	1	-0.175603069922631	2.0177650476191	1	1	1	NA	NA	NA	NA	NA	NA	NA	NA	NA	NA	NA	NA	NA	NA	NA	NA	NA	NA	NA	NA	NA	NA	NA	NA	NA	NA	NA	NA	NA	NA	NA	NA	NA	NA	NA	NA	NA	NA	NA	NA	NA	NA	NA	NA	NA	NA	NA	NA	NA	NA	NA	NA	NA	NA	NA	NA	NA
69	14	69649801	104364802	0.764908452035428	1	-0.765754419102626	1.09646828856601	1	0	1	NA	NA	NA	NA	NA	NA	NA	NA	NA	NA	NA	NA	NA	NA	NA	NA	NA	NA	NA	NA	NA	NA	NA	NA	NA	NA	NA	NA	NA	NA	NA	NA	NA	NA	NA	NA	NA	NA	NA	NA	NA	NA	NA	NA	NA	NA	NA	NA	NA	NA	NA	NA	NA	NA	NA	NA	NA
70	14	104365941	107287115	0.504162140682928	1	-0.233661166427755	1.90128465661428	1	1	1	NA	NA	NA	NA	NA	NA	NA	NA	NA	NA	NA	NA	NA	NA	NA	NA	NA	NA	NA	NA	NA	NA	NA	NA	NA	NA	NA	NA	NA	NA	NA	NA	NA	NA	NA	NA	NA	NA	NA	NA	NA	NA	NA	NA	NA	NA	NA	NA	NA	NA	NA	NA	NA	NA	NA	NA	NA
71	15	20004669	102418955	0.500933622899402	1	0.553175216580645	3.95862691601957	2	2	1	NA	NA	NA	NA	NA	NA	NA	NA	NA	NA	NA	NA	NA	NA	NA	NA	NA	NA	NA	NA	NA	NA	NA	NA	NA	NA	NA	NA	NA	NA	NA	NA	NA	NA	NA	NA	NA	NA	NA	NA	NA	NA	NA	NA	NA	NA	NA	NA	NA	NA	NA	NA	NA	NA	NA	NA	NA
72	16	83807	89643676	0.503537199389558	1	-0.133398328720844	2.10543050645803	1	1	1	NA	NA	NA	NA	NA	NA	NA	NA	NA	NA	NA	NA	NA	NA	NA	NA	NA	NA	NA	NA	NA	NA	NA	NA	NA	NA	NA	NA	NA	NA	NA	NA	NA	NA	NA	NA	NA	NA	NA	NA	NA	NA	NA	NA	NA	NA	NA	NA	NA	NA	NA	NA	NA	NA	NA	NA	NA
73	16	89664215	89973832	0.705999734616293	0.0477401376187638	0.0191062717481447	2.44446476813935	2	0	0.440045438161692	2	1	0.559954561838308	0.188272050337899	0.191249880738243	0.0485857680676607	0.790640661751198	2	0	0.720022719080846	2	2	0.279977280919154	0.0941360251689495	0.0956249403691214	0.52429288403383	0.895320330875599	1	0	0.856476565495606	1	1	0.143523434504394	0.111976049351655	0.113747133712139	0.623653333056371	1.06499539762525	1	0	0.928238282747803	1	2	0.071761717252197	0.0559880246758278	0.0568735668560697	0.811826666528186	1.03249769881263	NA	NA	NA	NA	NA	NA	NA	NA	NA	NA	NA	NA	NA	NA	NA	NA	NA	NA	NA	NA
74	17	5687	2306406	0.845339908597106	1	-0.06326952026298	2.25689083118876	2	0	1	NA	NA	NA	NA	NA	NA	NA	NA	NA	NA	NA	NA	NA	NA	NA	NA	NA	NA	NA	NA	NA	NA	NA	NA	NA	NA	NA	NA	NA	NA	NA	NA	NA	NA	NA	NA	NA	NA	NA	NA	NA	NA	NA	NA	NA	NA	NA	NA	NA	NA	NA	NA	NA	NA	NA	NA	NA
75	17	2313084	21525954	0.762538642177538	1	-0.747817507386298	1.05088127985533	1	0	1	NA	NA	NA	NA	NA	NA	NA	NA	NA	NA	NA	NA	NA	NA	NA	NA	NA	NA	NA	NA	NA	NA	NA	NA	NA	NA	NA	NA	NA	NA	NA	NA	NA	NA	NA	NA	NA	NA	NA	NA	NA	NA	NA	NA	NA	NA	NA	NA	NA	NA	NA	NA	NA	NA	NA	NA	NA
76	17	21720807	79998834	0.501068248483224	1	-0.10761065104211	2.16027129316395	1	1	1	NA	NA	NA	NA	NA	NA	NA	NA	NA	NA	NA	NA	NA	NA	NA	NA	NA	NA	NA	NA	NA	NA	NA	NA	NA	NA	NA	NA	NA	NA	NA	NA	NA	NA	NA	NA	NA	NA	NA	NA	NA	NA	NA	NA	NA	NA	NA	NA	NA	NA	NA	NA	NA	NA	NA	NA	NA
77	18	125371	77852477	0.50129229009723	1	-0.194979561887091	1.97836821565295	1	1	1	NA	NA	NA	NA	NA	NA	NA	NA	NA	NA	NA	NA	NA	NA	NA	NA	NA	NA	NA	NA	NA	NA	NA	NA	NA	NA	NA	NA	NA	NA	NA	NA	NA	NA	NA	NA	NA	NA	NA	NA	NA	NA	NA	NA	NA	NA	NA	NA	NA	NA	NA	NA	NA	NA	NA	NA	NA
78	18	77854247	78017073	0.752843227464882	1	-0.847876194183285	0.997285040969721	1	0	1	NA	NA	NA	NA	NA	NA	NA	NA	NA	NA	NA	NA	NA	NA	NA	NA	NA	NA	NA	NA	NA	NA	NA	NA	NA	NA	NA	NA	NA	NA	NA	NA	NA	NA	NA	NA	NA	NA	NA	NA	NA	NA	NA	NA	NA	NA	NA	NA	NA	NA	NA	NA	NA	NA	NA	NA	NA
79	19	240554	59099889	0.625480195232259	1	0.321015683569994	3.23119059172926	2	1	1	NA	NA	NA	NA	NA	NA	NA	NA	NA	NA	NA	NA	NA	NA	NA	NA	NA	NA	NA	NA	NA	NA	NA	NA	NA	NA	NA	NA	NA	NA	NA	NA	NA	NA	NA	NA	NA	NA	NA	NA	NA	NA	NA	NA	NA	NA	NA	NA	NA	NA	NA	NA	NA	NA	NA	NA	NA
80	20	20000121	62918292	0.502666344554232	1	-0.123920761979773	2.1254719212854	1	1	1	NA	NA	NA	NA	NA	NA	NA	NA	NA	NA	NA	NA	NA	NA	NA	NA	NA	NA	NA	NA	NA	NA	NA	NA	NA	NA	NA	NA	NA	NA	NA	NA	NA	NA	NA	NA	NA	NA	NA	NA	NA	NA	NA	NA	NA	NA	NA	NA	NA	NA	NA	NA	NA	NA	NA	NA	NA
81	21	15273232	19942705	0.622177210622681	1	0.232963206452163	2.98450019566299	2	1	1	NA	NA	NA	NA	NA	NA	NA	NA	NA	NA	NA	NA	NA	NA	NA	NA	NA	NA	NA	NA	NA	NA	NA	NA	NA	NA	NA	NA	NA	NA	NA	NA	NA	NA	NA	NA	NA	NA	NA	NA	NA	NA	NA	NA	NA	NA	NA	NA	NA	NA	NA	NA	NA	NA	NA	NA	NA
82	21	19947976	48088617	0.700928029520375	1	0.580280535055507	4.05144318769574	3	1	1	NA	NA	NA	NA	NA	NA	NA	NA	NA	NA	NA	NA	NA	NA	NA	NA	NA	NA	NA	NA	NA	NA	NA	NA	NA	NA	NA	NA	NA	NA	NA	NA	NA	NA	NA	NA	NA	NA	NA	NA	NA	NA	NA	NA	NA	NA	NA	NA	NA	NA	NA	NA	NA	NA	NA	NA	NA
83	22	16566779	23029526	0.502245727978954	1	-0.0874232063168906	2.20389177921073	1	1	1	NA	NA	NA	NA	NA	NA	NA	NA	NA	NA	NA	NA	NA	NA	NA	NA	NA	NA	NA	NA	NA	NA	NA	NA	NA	NA	NA	NA	NA	NA	NA	NA	NA	NA	NA	NA	NA	NA	NA	NA	NA	NA	NA	NA	NA	NA	NA	NA	NA	NA	NA	NA	NA	NA	NA	NA	NA
84	22	23031392	23240785	0.784243145339879	1.55413811437147e-13	-0.701195693923171	1.27854236480559	1	0	0.767806104705396	2	0	0.232193895294604	0.0334381697594639	0.0332938368457496	0.702034698412244	0.82905972585759	0	0	0.383903052352698	2	0	0.616096947647302	0.0167190848797318	0.0166469184228748	0.351017349206122	0.414529862928796	1	0	0.883903052352699	3	0	0.116096947647301	0.0167190848797312	0.0166469184228748	0.851017349206123	0.914529862928796	2	0	0.788765217618471	2	1	0.211234782381529	0.0133516566149304	0.0135220962491953	0.761280646503641	0.815040407008211	2	0	0.894382608809235	2	2	0.105617391190765	0.00667582830746527	0.00676104812459762	0.880640323251821	0.907520203504105	NA	NA	NA	NA	NA	NA	NA	NA	NA	NA
85	22	23249354	49999704	0.502604872884721	1	-0.0918289565327064	2.19431981583101	1	1	1	NA	NA	NA	NA	NA	NA	NA	NA	NA	NA	NA	NA	NA	NA	NA	NA	NA	NA	NA	NA	NA	NA	NA	NA	NA	NA	NA	NA	NA	NA	NA	NA	NA	NA	NA	NA	NA	NA	NA	NA	NA	NA	NA	NA	NA	NA	NA	NA	NA	NA	NA	NA	NA	NA	NA	NA	NA
86	X	1455831	2698923	0.50609302229534	1	-0.130409291827367	2.11173696401422	1	1	1	NA	NA	NA	NA	NA	NA	NA	NA	NA	NA	NA	NA	NA	NA	NA	NA	NA	NA	NA	NA	NA	NA	NA	NA	NA	NA	NA	NA	NA	NA	NA	NA	NA	NA	NA	NA	NA	NA	NA	NA	NA	NA	NA	NA	NA	NA	NA	NA	NA	NA	NA	NA	NA	NA	NA	NA	NA
87	X	154933612	155249621	0.64680068469613	1.70332482431928e-05	0.179136966526121	2.84094873505545	2	0	0.12013839256739	2	1	0.87986160743261	0.0263189558526887	0.0272002316782138	0.0693077563266546	0.17845957995167	2	0	0.560069196283695	2	2	0.439930803716305	0.0131594779263444	0.0136001158391069	0.534653878163327	0.589229789975835	1	0	0.666209730555854	1	1	0.333790269444146	0.015653373371966	0.0161775180081683	0.635977872868782	0.70089664316486	1	0	0.833104865277927	1	2	0.166895134722073	0.00782668668598296	0.00808875900408413	0.817988936434391	0.85044832158243	NA	NA	NA	NA	NA	NA	NA	NA	NA	NA	NA	NA	NA	NA	NA	NA	NA	NA	NA	NA
