	chr	startpos	endpos	BAF	pval	LogR	ntot	nMaj1_A	nMin1_A	frac1_A	nMaj2_A	nMin2_A	frac2_A	SDfrac_A	SDfrac_A_BS	frac1_A_0.025	frac1_A_0.975	nMaj1_B	nMin1_B	frac1_B	nMaj2_B	nMin2_B	frac2_B	SDfrac_B	SDfrac_B_BS	frac1_B_0.025	frac1_B_0.975	nMaj1_C	nMin1_C	frac1_C	nMaj2_C	nMin2_C	frac2_C	SDfrac_C	SDfrac_C_BS	frac1_C_0.025	frac1_C_0.975	nMaj1_D	nMin1_D	frac1_D	nMaj2_D	nMin2_D	frac2_D	SDfrac_D	SDfrac_D_BS	frac1_D_0.025	frac1_D_0.975	nMaj1_E	nMin1_E	frac1_E	nMaj2_E	nMin2_E	frac2_E	SDfrac_E	SDfrac_E_BS	frac1_E_0.025	frac1_E_0.975	nMaj1_F	nMin1_F	frac1_F	nMaj2_F	nMin2_F	frac2_F	SDfrac_F	SDfrac_F_BS	frac1_F_0.025	frac1_F_0.975
1	1	787847	38019747	0.979234035134012	1	0.0607193425958177	2.10761520546134	2	0	1	NA	NA	NA	NA	NA	NA	NA	NA	NA	NA	NA	NA	NA	NA	NA	NA	NA	NA	NA	NA	NA	NA	NA	NA	NA	NA	NA	NA	NA	NA	NA	NA	NA	NA	NA	NA	NA	NA	NA	NA	NA	NA	NA	NA	NA	NA	NA	NA	NA	NA	NA	NA	NA	NA	NA	NA	NA
2	1	38029150	78092479	0.501337726665516	1	-0.0279805924213225	1.97695505637881	1	1	1	NA	NA	NA	NA	NA	NA	NA	NA	NA	NA	NA	NA	NA	NA	NA	NA	NA	NA	NA	NA	NA	NA	NA	NA	NA	NA	NA	NA	NA	NA	NA	NA	NA	NA	NA	NA	NA	NA	NA	NA	NA	NA	NA	NA	NA	NA	NA	NA	NA	NA	NA	NA	NA	NA	NA	NA	NA
3	1	78107874	145378044	0.962284542106693	1	-1.00039862066259	1.28932417680331	1	0	1	NA	NA	NA	NA	NA	NA	NA	NA	NA	NA	NA	NA	NA	NA	NA	NA	NA	NA	NA	NA	NA	NA	NA	NA	NA	NA	NA	NA	NA	NA	NA	NA	NA	NA	NA	NA	NA	NA	NA	NA	NA	NA	NA	NA	NA	NA	NA	NA	NA	NA	NA	NA	NA	NA	NA	NA	NA
4	1	145399296	249223485	0.987449290151168	1	0.646836206588428	4.04201529580225	4	0	1	NA	NA	NA	NA	NA	NA	NA	NA	NA	NA	NA	NA	NA	NA	NA	NA	NA	NA	NA	NA	NA	NA	NA	NA	NA	NA	NA	NA	NA	NA	NA	NA	NA	NA	NA	NA	NA	NA	NA	NA	NA	NA	NA	NA	NA	NA	NA	NA	NA	NA	NA	NA	NA	NA	NA	NA	NA
5	2	19956	16260219	0.504252221995048	1	-0.0313992393794717	1.97207819316376	1	1	1	NA	NA	NA	NA	NA	NA	NA	NA	NA	NA	NA	NA	NA	NA	NA	NA	NA	NA	NA	NA	NA	NA	NA	NA	NA	NA	NA	NA	NA	NA	NA	NA	NA	NA	NA	NA	NA	NA	NA	NA	NA	NA	NA	NA	NA	NA	NA	NA	NA	NA	NA	NA	NA	NA	NA	NA	NA
6	2	16330876	17871253	0.963344436003588	1	-1.02652394692303	1.32902099241383	1	0	1	NA	NA	NA	NA	NA	NA	NA	NA	NA	NA	NA	NA	NA	NA	NA	NA	NA	NA	NA	NA	NA	NA	NA	NA	NA	NA	NA	NA	NA	NA	NA	NA	NA	NA	NA	NA	NA	NA	NA	NA	NA	NA	NA	NA	NA	NA	NA	NA	NA	NA	NA	NA	NA	NA	NA	NA	NA
7	2	17914318	112476764	0.501620717336229	1	-0.0377534837425663	1.96304420502368	1	1	1	NA	NA	NA	NA	NA	NA	NA	NA	NA	NA	NA	NA	NA	NA	NA	NA	NA	NA	NA	NA	NA	NA	NA	NA	NA	NA	NA	NA	NA	NA	NA	NA	NA	NA	NA	NA	NA	NA	NA	NA	NA	NA	NA	NA	NA	NA	NA	NA	NA	NA	NA	NA	NA	NA	NA	NA	NA
8	2	112484491	112793183	0.639527201431027	3.60262246504629e-95	-0.323606752874543	1.59518046447451	1	0	0.454574848215336	1	1	0.545425151784664	0.0107647450385243	0.0112286983357821	0.432681017901103	0.476742716528351	1	0	0.727287424107668	1	2	0.272712575892332	0.00538237251926221	0.00561434916789107	0.716340508950551	0.738371358264176	1	1	0.193523112772509	2	1	0.806476887227491	0.0338857828396971	0.0354230729337426	0.120084567410158	0.259846000959589	0	1	0.0967615563862545	2	1	0.903238443613746	0.0169428914198485	0.0177115364668713	0.0600422837050788	0.129923000479795	1	1	0.596761556386254	3	1	0.403238443613746	0.0169428914198483	0.0177115364668713	0.560042283705079	0.629923000479795	NA	NA	NA	NA	NA	NA	NA	NA	NA	NA
9	2	112795492	209911013	0.501044804450801	1	-0.0672224399614574	1.92166371517569	1	1	1	NA	NA	NA	NA	NA	NA	NA	NA	NA	NA	NA	NA	NA	NA	NA	NA	NA	NA	NA	NA	NA	NA	NA	NA	NA	NA	NA	NA	NA	NA	NA	NA	NA	NA	NA	NA	NA	NA	NA	NA	NA	NA	NA	NA	NA	NA	NA	NA	NA	NA	NA	NA	NA	NA	NA	NA	NA
10	2	209913465	242984432	0.962168861584999	1	-0.964470816031186	1.28512616154272	1	0	1	NA	NA	NA	NA	NA	NA	NA	NA	NA	NA	NA	NA	NA	NA	NA	NA	NA	NA	NA	NA	NA	NA	NA	NA	NA	NA	NA	NA	NA	NA	NA	NA	NA	NA	NA	NA	NA	NA	NA	NA	NA	NA	NA	NA	NA	NA	NA	NA	NA	NA	NA	NA	NA	NA	NA	NA	NA
11	3	60596	20244631	0.501761933193497	1	-0.0556321913159578	1.93783804261951	1	1	1	NA	NA	NA	NA	NA	NA	NA	NA	NA	NA	NA	NA	NA	NA	NA	NA	NA	NA	NA	NA	NA	NA	NA	NA	NA	NA	NA	NA	NA	NA	NA	NA	NA	NA	NA	NA	NA	NA	NA	NA	NA	NA	NA	NA	NA	NA	NA	NA	NA	NA	NA	NA	NA	NA	NA	NA	NA
12	3	20246785	20732932	0.910734913434996	5.99169387589796e-80	-0.955280169954655	0.999945783861466	0	0	0.615526265216863	1	0	0.384473734783137	0.0113134061474125	0.0110031839331615	0.591281661847294	0.636018176892121	0	0	0.807763132608431	2	0	0.192236867391569	0.00565670307370592	0.00550159196658075	0.795640830923647	0.81800908844606	1	0	0.939669595908669	1	1	0.0603304040913313	0.00270857222113119	0.00262495801382454	0.934501138082886	0.945079229774918	1	0	0.969834797954334	1	2	0.0301652020456656	0.00135428611056554	0.00131247900691227	0.967250569041443	0.972539614887459	NA	NA	NA	NA	NA	NA	NA	NA	NA	NA	NA	NA	NA	NA	NA	NA	NA	NA	NA	NA
13	3	20736506	129666064	0.501472834560878	1	-0.0651348002732434	1.92456745437554	1	1	1	NA	NA	NA	NA	NA	NA	NA	NA	NA	NA	NA	NA	NA	NA	NA	NA	NA	NA	NA	NA	NA	NA	NA	NA	NA	NA	NA	NA	NA	NA	NA	NA	NA	NA	NA	NA	NA	NA	NA	NA	NA	NA	NA	NA	NA	NA	NA	NA	NA	NA	NA	NA	NA	NA	NA	NA	NA
14	3	129685283	197846280	0.59332127070887	0	0.238956819442611	2.39575598116879	1	1	0.521882405169321	2	1	0.478117594830679	0.00186599052131292	0.0018234119264635	0.518213132122006	0.525488176021399	0	1	0.260941202584661	2	1	0.73905879741534	0.000932995260656461	0.000921752279007203	0.259147254421612	0.262761102201327	1	1	0.760941202584661	3	1	0.239058797415339	0.000932995260656211	0.000961668216282635	0.759112615419691	0.762818195900038	1	0	0.327714959022394	1	1	0.672285040977606	0.000876662421171737	0.000912900687266611	0.325846798732155	0.32953712485255	1	0	0.663857479511197	1	2	0.336142520488803	0.000438331210585896	0.000442020272200321	0.663006216468691	0.664729396777986	NA	NA	NA	NA	NA	NA	NA	NA	NA	NA
15	4	110707	92149622	0.505501909114041	1	-0.0869881049880717	1.8943784862155	1	1	1	NA	NA	NA	NA	NA	NA	NA	NA	NA	NA	NA	NA	NA	NA	NA	NA	NA	NA	NA	NA	NA	NA	NA	NA	NA	NA	NA	NA	NA	NA	NA	NA	NA	NA	NA	NA	NA	NA	NA	NA	NA	NA	NA	NA	NA	NA	NA	NA	NA	NA	NA	NA	NA	NA	NA	NA	NA
16	4	92152160	92196129	0.952871438358831	1	-1.09997668247292	0.896546657008453	1	0	1	NA	NA	NA	NA	NA	NA	NA	NA	NA	NA	NA	NA	NA	NA	NA	NA	NA	NA	NA	NA	NA	NA	NA	NA	NA	NA	NA	NA	NA	NA	NA	NA	NA	NA	NA	NA	NA	NA	NA	NA	NA	NA	NA	NA	NA	NA	NA	NA	NA	NA	NA	NA	NA	NA	NA	NA	NA
17	4	92199795	190228326	0.505491086679738	1	-0.114235971682267	1.85737220080459	1	1	1	NA	NA	NA	NA	NA	NA	NA	NA	NA	NA	NA	NA	NA	NA	NA	NA	NA	NA	NA	NA	NA	NA	NA	NA	NA	NA	NA	NA	NA	NA	NA	NA	NA	NA	NA	NA	NA	NA	NA	NA	NA	NA	NA	NA	NA	NA	NA	NA	NA	NA	NA	NA	NA	NA	NA	NA	NA
18	4	190228546	190780046	0.670050485893678	1	0.435181969944334	2.7569837695817	2	1	1	NA	NA	NA	NA	NA	NA	NA	NA	NA	NA	NA	NA	NA	NA	NA	NA	NA	NA	NA	NA	NA	NA	NA	NA	NA	NA	NA	NA	NA	NA	NA	NA	NA	NA	NA	NA	NA	NA	NA	NA	NA	NA	NA	NA	NA	NA	NA	NA	NA	NA	NA	NA	NA	NA	NA	NA	NA
19	5	850203	5299686	0.503653091971797	1	-0.0256681892237257	1.98026036819483	1	1	1	NA	NA	NA	NA	NA	NA	NA	NA	NA	NA	NA	NA	NA	NA	NA	NA	NA	NA	NA	NA	NA	NA	NA	NA	NA	NA	NA	NA	NA	NA	NA	NA	NA	NA	NA	NA	NA	NA	NA	NA	NA	NA	NA	NA	NA	NA	NA	NA	NA	NA	NA	NA	NA	NA	NA	NA	NA
20	5	5300274	5392376	0.958692796700304	1	-0.963983527373536	0.99342900054417	1	0	1	NA	NA	NA	NA	NA	NA	NA	NA	NA	NA	NA	NA	NA	NA	NA	NA	NA	NA	NA	NA	NA	NA	NA	NA	NA	NA	NA	NA	NA	NA	NA	NA	NA	NA	NA	NA	NA	NA	NA	NA	NA	NA	NA	NA	NA	NA	NA	NA	NA	NA	NA	NA	NA	NA	NA	NA	NA
21	5	5393395	34004707	0.502008859986175	1	-0.0806762085694972	1.90305105974258	1	1	1	NA	NA	NA	NA	NA	NA	NA	NA	NA	NA	NA	NA	NA	NA	NA	NA	NA	NA	NA	NA	NA	NA	NA	NA	NA	NA	NA	NA	NA	NA	NA	NA	NA	NA	NA	NA	NA	NA	NA	NA	NA	NA	NA	NA	NA	NA	NA	NA	NA	NA	NA	NA	NA	NA	NA	NA	NA
22	5	34008100	34176643	0.649498492156799	4.71707927738662e-52	-0.414628794052237	1.49253805187459	1	0	0.479583469790524	1	1	0.520416530209476	0.0135322138046735	0.0130327205541841	0.45299819577477	0.504606954942646	1	0	0.739791734895262	1	2	0.260208265104738	0.00676610690233681	0.00651636027709206	0.726499097887385	0.752303477471323	0	0	0.964360335407569	1	0	0.0356396645924306	0.00186381046255701	0.0017943283036731	0.960694695803793	0.967845023058396	0	0	0.982180167703785	2	0	0.0178198322962153	0.000931905231278396	0.000897164151836544	0.980347347901896	0.983922511529198	NA	NA	NA	NA	NA	NA	NA	NA	NA	NA	NA	NA	NA	NA	NA	NA	NA	NA	NA	NA
23	5	34195492	87035801	0.500407920788178	1	-0.0498872743898998	1.94590343596266	1	1	1	NA	NA	NA	NA	NA	NA	NA	NA	NA	NA	NA	NA	NA	NA	NA	NA	NA	NA	NA	NA	NA	NA	NA	NA	NA	NA	NA	NA	NA	NA	NA	NA	NA	NA	NA	NA	NA	NA	NA	NA	NA	NA	NA	NA	NA	NA	NA	NA	NA	NA	NA	NA	NA	NA	NA	NA	NA
24	5	87038413	88212253	0.642838126287334	1.72966247496687e-246	-0.459930058149625	1.44381688134838	1	0	0.462964891878362	1	1	0.537035108121638	0.00653649428286593	0.00677515082947453	0.449341891615628	0.476088629750717	1	0	0.731482445939181	1	2	0.268517554060819	0.00326824714143298	0.00338757541473727	0.724670945807814	0.738044314875359	0	0	0.966583132367487	1	0	0.0334168676325131	0.000849209652655836	0.000879734326556022	0.964833621210658	0.96830681731207	0	0	0.983291566183743	2	0	0.0167084338162565	0.00042460482632789	0.000439867163278003	0.982416810605329	0.984153408656035	NA	NA	NA	NA	NA	NA	NA	NA	NA	NA	NA	NA	NA	NA	NA	NA	NA	NA	NA	NA
25	5	88215594	92945156	0.528481912913697	6.33313486193219e-53	0.00414219181085518	2.02334863670829	1	1	0.874143300682715	2	1	0.125856699317285	0.00838494208750673	0.0080741859731832	0.857812168790684	0.890296660370192	0	1	0.437071650341358	2	1	0.562928349658642	0.00419247104375337	0.0040370929865916	0.428906084395342	0.445148330185096	1	1	0.937071650341358	3	1	0.0629283496586424	0.00419247104375325	0.0040370929865916	0.928906084395342	0.945148330185096	1	0	0.112290900897442	1	1	0.887709099102558	0.00667475375282238	0.00666787939940964	0.099252684347766	0.125834733219949	1	0	0.556145450448721	1	2	0.443854549551279	0.00333737687641117	0.00333393969970482	0.549626342173883	0.562917366609974	NA	NA	NA	NA	NA	NA	NA	NA	NA	NA
26	5	92978315	104218122	0.642207339507065	0	-0.444768896780922	1.45995256913726	1	0	0.461373118502259	1	1	0.538626881497741	0.0023732712901787	0.002317343672261	0.456907622498573	0.466071934349235	1	0	0.73068655925113	1	2	0.26931344074887	0.00118663564508936	0.0011586718361305	0.728453811249286	0.733035967174617	0	0	0.966789358051914	1	0	0.0332106419480857	0.000306632561631826	0.000312619649289922	0.966175603759824	0.967421250207663	0	0	0.983394679025957	2	0	0.0166053209740429	0.000153316280815941	0.000156309824644966	0.983087801879912	0.983710625103832	NA	NA	NA	NA	NA	NA	NA	NA	NA	NA	NA	NA	NA	NA	NA	NA	NA	NA	NA	NA
27	5	104221816	104800356	0.505663872638465	1	-0.128701056077316	1.83800883279721	1	1	1	NA	NA	NA	NA	NA	NA	NA	NA	NA	NA	NA	NA	NA	NA	NA	NA	NA	NA	NA	NA	NA	NA	NA	NA	NA	NA	NA	NA	NA	NA	NA	NA	NA	NA	NA	NA	NA	NA	NA	NA	NA	NA	NA	NA	NA	NA	NA	NA	NA	NA	NA	NA	NA	NA	NA	NA	NA
28	5	104812022	180714439	0.643750890947985	0	-0.407922925614197	1.49988103997002	1	0	0.465262705989561	1	1	0.534737294010439	0.000817266903539282	0.000798496252939032	0.463688903794445	0.466809705630473	1	0	0.732631352994781	1	2	0.267368647005219	0.000408633451769613	0.000395989670039189	0.731825747917972	0.733381956609056	0	0	0.966283425545559	1	0	0.0337165744544408	0.000107022088393027	0.000105993958903566	0.966079911851495	0.966502316799888	0	0	0.983141712772779	2	0	0.0168582872272206	5.35110441964304e-05	5.51807812875584e-05	0.983025910501079	0.983250213639788	NA	NA	NA	NA	NA	NA	NA	NA	NA	NA	NA	NA	NA	NA	NA	NA	NA	NA	NA	NA
29	6	202777	122955721	0.50433705746525	1	-0.0242670733519522	1.98226567966795	1	1	1	NA	NA	NA	NA	NA	NA	NA	NA	NA	NA	NA	NA	NA	NA	NA	NA	NA	NA	NA	NA	NA	NA	NA	NA	NA	NA	NA	NA	NA	NA	NA	NA	NA	NA	NA	NA	NA	NA	NA	NA	NA	NA	NA	NA	NA	NA	NA	NA	NA	NA	NA	NA	NA	NA	NA	NA	NA
30	6	122956562	123004704	0.890398757483672	4.9730500234418e-11	-0.988853311578693	0.975022554743427	0	0	0.702367991171099	1	0	0.297632008828901	0.0276721714966284	0.0268022868720489	0.64315957027974	0.747006927983835	0	0	0.851183995585549	2	0	0.148816004414451	0.0138360857483139	0.0134011434360245	0.82157978513987	0.873503463991917	1	0	0.913543899416929	1	1	0.0864561005830711	0.0104012961729115	0.0100016560951324	0.893925171744016	0.932566458712077	1	0	0.956771949708465	1	2	0.0432280502915354	0.00520064808645571	0.00500082804756618	0.946962585872008	0.966283229356038	NA	NA	NA	NA	NA	NA	NA	NA	NA	NA	NA	NA	NA	NA	NA	NA	NA	NA	NA	NA
31	6	123028265	170878886	0.502197604829741	1	-0.053858658524889	1.94032451139372	1	1	1	NA	NA	NA	NA	NA	NA	NA	NA	NA	NA	NA	NA	NA	NA	NA	NA	NA	NA	NA	NA	NA	NA	NA	NA	NA	NA	NA	NA	NA	NA	NA	NA	NA	NA	NA	NA	NA	NA	NA	NA	NA	NA	NA	NA	NA	NA	NA	NA	NA	NA	NA	NA	NA	NA	NA	NA	NA
32	7	80500	94939830	0.501039851963129	1	-0.0349436631013695	1.96703409050801	1	1	1	NA	NA	NA	NA	NA	NA	NA	NA	NA	NA	NA	NA	NA	NA	NA	NA	NA	NA	NA	NA	NA	NA	NA	NA	NA	NA	NA	NA	NA	NA	NA	NA	NA	NA	NA	NA	NA	NA	NA	NA	NA	NA	NA	NA	NA	NA	NA	NA	NA	NA	NA	NA	NA	NA	NA	NA	NA
33	7	94940119	159114266	0.591560926695292	0	0.268664791235406	2.44733928044758	1	1	0.532923047790488	2	1	0.467076952209512	0.00200458635884454	0.00205285252243592	0.528764826277727	0.536802408542607	0	1	0.266461523895244	2	1	0.733538476104756	0.00100229317942227	0.00102928039194444	0.264499408226552	0.268456390950258	1	1	0.766461523895244	3	1	0.233538476104756	0.00100229317942208	0.000997812279744985	0.764449764757278	0.768391053927576	1	0	0.322489990317947	1	1	0.677510009682053	0.000955609004624325	0.000978901712663418	0.320579355715003	0.324310397284501	1	0	0.661244995158973	1	2	0.338755004841027	0.000477804502312218	0.000486913930103554	0.660297327643499	0.662243603605747	NA	NA	NA	NA	NA	NA	NA	NA	NA	NA
34	8	155687	51440704	0.512669510674594	1.07837870464472e-290	-0.068243707166766	1.92024474429542	1	0	0.0514905928319631	1	1	0.948509407168037	0.00136482649601958	0.00141729539009172	0.0486088833325561	0.0542993873113307	1	0	0.525745296415982	1	2	0.474254703584018	0.000682413248009772	0.000677745293163994	0.524316775266742	0.52700981618196	0	0	0.99782768428098	1	0	0.00217231571901999	6.0574023997062e-05	6.05658360924744e-05	0.997703439430694	0.997943512506514	0	0	0.99891384214049	2	0	0.00108615785950994	3.02870119985865e-05	2.94773324231392e-05	0.998855548326058	0.99896965585664	NA	NA	NA	NA	NA	NA	NA	NA	NA	NA	NA	NA	NA	NA	NA	NA	NA	NA	NA	NA
35	8	51441324	51578409	0.95872482453577	1	-1.06597011773328	1.17092196947047	1	0	1	NA	NA	NA	NA	NA	NA	NA	NA	NA	NA	NA	NA	NA	NA	NA	NA	NA	NA	NA	NA	NA	NA	NA	NA	NA	NA	NA	NA	NA	NA	NA	NA	NA	NA	NA	NA	NA	NA	NA	NA	NA	NA	NA	NA	NA	NA	NA	NA	NA	NA	NA	NA	NA	NA	NA	NA	NA
36	8	51649025	71353259	0.501123986202187	1	-0.0536099936090066	1.94067338060732	1	1	1	NA	NA	NA	NA	NA	NA	NA	NA	NA	NA	NA	NA	NA	NA	NA	NA	NA	NA	NA	NA	NA	NA	NA	NA	NA	NA	NA	NA	NA	NA	NA	NA	NA	NA	NA	NA	NA	NA	NA	NA	NA	NA	NA	NA	NA	NA	NA	NA	NA	NA	NA	NA	NA	NA	NA	NA	NA
37	8	71359103	81485611	0.962139494169108	1	-1.00772991766996	1.2840645088129	1	0	1	NA	NA	NA	NA	NA	NA	NA	NA	NA	NA	NA	NA	NA	NA	NA	NA	NA	NA	NA	NA	NA	NA	NA	NA	NA	NA	NA	NA	NA	NA	NA	NA	NA	NA	NA	NA	NA	NA	NA	NA	NA	NA	NA	NA	NA	NA	NA	NA	NA	NA	NA	NA	NA	NA	NA	NA	NA
38	8	81497444	116101499	0.501076990652563	1	-0.0701571388528695	1.91758888315223	1	1	1	NA	NA	NA	NA	NA	NA	NA	NA	NA	NA	NA	NA	NA	NA	NA	NA	NA	NA	NA	NA	NA	NA	NA	NA	NA	NA	NA	NA	NA	NA	NA	NA	NA	NA	NA	NA	NA	NA	NA	NA	NA	NA	NA	NA	NA	NA	NA	NA	NA	NA	NA	NA	NA	NA	NA	NA	NA
39	8	116104479	118297989	0.661943853032724	1	0.471818137787431	2.83004089889322	2	1	1	NA	NA	NA	NA	NA	NA	NA	NA	NA	NA	NA	NA	NA	NA	NA	NA	NA	NA	NA	NA	NA	NA	NA	NA	NA	NA	NA	NA	NA	NA	NA	NA	NA	NA	NA	NA	NA	NA	NA	NA	NA	NA	NA	NA	NA	NA	NA	NA	NA	NA	NA	NA	NA	NA	NA	NA	NA
40	8	118305872	144684702	0.501646413298975	1	-0.0230339461237973	1.98403217365054	1	1	1	NA	NA	NA	NA	NA	NA	NA	NA	NA	NA	NA	NA	NA	NA	NA	NA	NA	NA	NA	NA	NA	NA	NA	NA	NA	NA	NA	NA	NA	NA	NA	NA	NA	NA	NA	NA	NA	NA	NA	NA	NA	NA	NA	NA	NA	NA	NA	NA	NA	NA	NA	NA	NA	NA	NA	NA	NA
41	8	144685271	146300287	0.658597269928048	1	0.678838900210387	3.27961508188059	2	1	1	NA	NA	NA	NA	NA	NA	NA	NA	NA	NA	NA	NA	NA	NA	NA	NA	NA	NA	NA	NA	NA	NA	NA	NA	NA	NA	NA	NA	NA	NA	NA	NA	NA	NA	NA	NA	NA	NA	NA	NA	NA	NA	NA	NA	NA	NA	NA	NA	NA	NA	NA	NA	NA	NA	NA	NA	NA
42	9	273729	141031439	0.640176417389771	0	-0.0451322935598652	1.95260337531633	1	0	0.456226832982841	1	1	0.543773167017159	0.000643479164927491	0.000650172250816378	0.454941484659793	0.457503511975931	1	0	0.728113416491421	1	2	0.271886583508579	0.000321739582463787	0.000320024166738596	0.727482509734486	0.728729604416224	1	1	0.188308733581783	2	1	0.811691266418217	0.00203682976714338	0.00197107080857993	0.184153120601822	0.19229096907548	0	1	0.0941543667908913	2	1	0.905845633209109	0.00101841488357169	0.00103196105870963	0.0921282848554033	0.0961825924075458	1	1	0.594154366790891	3	1	0.405845633209109	0.00101841488357163	0.00106956760803906	0.592017175320683	0.596230850013048	NA	NA	NA	NA	NA	NA	NA	NA	NA	NA
43	10	150922	68712519	0.501839857895553	1	-0.0610746947120045	1.93022678180354	1	1	1	NA	NA	NA	NA	NA	NA	NA	NA	NA	NA	NA	NA	NA	NA	NA	NA	NA	NA	NA	NA	NA	NA	NA	NA	NA	NA	NA	NA	NA	NA	NA	NA	NA	NA	NA	NA	NA	NA	NA	NA	NA	NA	NA	NA	NA	NA	NA	NA	NA	NA	NA	NA	NA	NA	NA	NA	NA
44	10	68739859	69603286	0.643674622804624	7.54402126813713e-208	-0.445364114105929	1.45931588948076	1	0	0.465070956379895	1	1	0.534929043620105	0.00713369842929762	0.00734166823421855	0.450214775815572	0.479621076413658	1	0	0.732535478189947	1	2	0.267464521810053	0.00356684921464873	0.00367083411710928	0.725107387907786	0.739810538206829	0	0	0.966308527025332	1	0	0.0336914729746683	0.000933585836026929	0.000960777338286469	0.964343970212876	0.968199217173879	0	0	0.983154263512666	2	0	0.0168457364873342	0.00046679291801327	0.00048038866914323	0.982171985106438	0.984099608586939	NA	NA	NA	NA	NA	NA	NA	NA	NA	NA	NA	NA	NA	NA	NA	NA	NA	NA	NA	NA
45	10	69605966	135192579	0.502213480419371	1	-0.0215276392818428	1.98619205580508	1	1	1	NA	NA	NA	NA	NA	NA	NA	NA	NA	NA	NA	NA	NA	NA	NA	NA	NA	NA	NA	NA	NA	NA	NA	NA	NA	NA	NA	NA	NA	NA	NA	NA	NA	NA	NA	NA	NA	NA	NA	NA	NA	NA	NA	NA	NA	NA	NA	NA	NA	NA	NA	NA	NA	NA	NA	NA	NA
46	11	196944	12470469	0.663123658800044	1	0.559224673238972	3.01201999663877	2	1	1	NA	NA	NA	NA	NA	NA	NA	NA	NA	NA	NA	NA	NA	NA	NA	NA	NA	NA	NA	NA	NA	NA	NA	NA	NA	NA	NA	NA	NA	NA	NA	NA	NA	NA	NA	NA	NA	NA	NA	NA	NA	NA	NA	NA	NA	NA	NA	NA	NA	NA	NA	NA	NA	NA	NA	NA	NA
47	11	12472592	14171448	0.502429966439962	1	-0.0612579867589671	1.92997095002325	1	1	1	NA	NA	NA	NA	NA	NA	NA	NA	NA	NA	NA	NA	NA	NA	NA	NA	NA	NA	NA	NA	NA	NA	NA	NA	NA	NA	NA	NA	NA	NA	NA	NA	NA	NA	NA	NA	NA	NA	NA	NA	NA	NA	NA	NA	NA	NA	NA	NA	NA	NA	NA	NA	NA	NA	NA	NA	NA
48	11	14171534	17206745	0.663981582157761	1	0.48703627864759	2.86093740412248	2	1	1	NA	NA	NA	NA	NA	NA	NA	NA	NA	NA	NA	NA	NA	NA	NA	NA	NA	NA	NA	NA	NA	NA	NA	NA	NA	NA	NA	NA	NA	NA	NA	NA	NA	NA	NA	NA	NA	NA	NA	NA	NA	NA	NA	NA	NA	NA	NA	NA	NA	NA	NA	NA	NA	NA	NA	NA	NA
49	11	17208714	18779139	0.511332948092801	3.25399208118986e-07	0.00240010493087604	2.02080603505617	1	1	0.951679059133008	2	1	0.0483209408669916	0.00960191465912802	0.00993418067502712	0.931750031734912	0.970796718804638	0	1	0.475839529566504	2	1	0.524160470433496	0.00480095732956401	0.00496709033751356	0.465875015867456	0.485398359402319	1	1	0.975839529566504	3	1	0.0241604704334958	0.00480095732956376	0.00496709033751356	0.965875015867456	0.985398359402319	1	0	0.0461790146849082	1	1	0.953820985315092	0.00876951627673092	0.00896408774185409	0.029093973377075	0.0627480455452767	1	0	0.523089507342454	1	2	0.476910492657546	0.00438475813836547	0.00448204387092705	0.514546986688537	0.531374022772638	NA	NA	NA	NA	NA	NA	NA	NA	NA	NA
50	11	18780931	19005796	0.668003677926173	1	0.527210303713397	2.94408361736527	2	1	1	NA	NA	NA	NA	NA	NA	NA	NA	NA	NA	NA	NA	NA	NA	NA	NA	NA	NA	NA	NA	NA	NA	NA	NA	NA	NA	NA	NA	NA	NA	NA	NA	NA	NA	NA	NA	NA	NA	NA	NA	NA	NA	NA	NA	NA	NA	NA	NA	NA	NA	NA	NA	NA	NA	NA	NA	NA
51	11	19007118	86223023	0.502823229643488	1	-0.0455631913646023	1.95199531448755	1	1	1	NA	NA	NA	NA	NA	NA	NA	NA	NA	NA	NA	NA	NA	NA	NA	NA	NA	NA	NA	NA	NA	NA	NA	NA	NA	NA	NA	NA	NA	NA	NA	NA	NA	NA	NA	NA	NA	NA	NA	NA	NA	NA	NA	NA	NA	NA	NA	NA	NA	NA	NA	NA	NA	NA	NA	NA	NA
52	11	86225181	86424719	0.898829842992739	2.12889634916473e-55	-0.929267140854381	1.01965947509599	1	0	0.924518709405653	1	1	0.0754812905943469	0.00387019215229617	0.00399990012972856	0.916255910088103	0.932399881312385	1	0	0.962259354702827	1	2	0.0377406452971732	0.00193509607614806	0.00199995006486429	0.958127955044052	0.966199940656193	0	0	0.670601277894002	1	0	0.329398722105998	0.0122614356083796	0.0127018603183188	0.643763572443202	0.694941621993429	0	0	0.835300638947002	2	0	0.164699361052998	0.0061307178041895	0.00635093015915938	0.821881786221602	0.847470810996715	NA	NA	NA	NA	NA	NA	NA	NA	NA	NA	NA	NA	NA	NA	NA	NA	NA	NA	NA	NA
53	11	86445717	110890203	0.502662403195676	1	-0.100808765491794	1.87552081807474	1	1	1	NA	NA	NA	NA	NA	NA	NA	NA	NA	NA	NA	NA	NA	NA	NA	NA	NA	NA	NA	NA	NA	NA	NA	NA	NA	NA	NA	NA	NA	NA	NA	NA	NA	NA	NA	NA	NA	NA	NA	NA	NA	NA	NA	NA	NA	NA	NA	NA	NA	NA	NA	NA	NA	NA	NA	NA	NA
54	11	110925939	134918652	0.727466869584076	0	0.905809566285801	3.85261512787715	2	1	0.260980762030613	3	1	0.739019237969387	0.00545102057098809	0.00542909696980644	0.25016506180319	0.271369008678529	1	1	0.130490381015307	3	1	0.869509618984693	0.00272551028549399	0.00286260327077958	0.125317584912195	0.136100712977051	2	1	0.630490381015307	4	1	0.369509618984693	0.00272551028549406	0.00286260327077958	0.625317584912195	0.636100712977052	3	1	0.902227981742726	3	2	0.0977720182572743	0.00223378477480618	0.00234631116807319	0.897526136610353	0.906448715324035	3	0	0.451113990871363	3	2	0.548886009128637	0.00111689238740309	0.00112704936492069	0.448787275485341	0.453278737727361	3	1	0.951113990871363	3	3	0.0488860091286368	0.00111689238740292	0.00112704936492068	0.948787275485341	0.953278737727361
55	12	332662	17543930	0.962333239496759	1	-0.942789379894841	1.29109910422836	1	0	1	NA	NA	NA	NA	NA	NA	NA	NA	NA	NA	NA	NA	NA	NA	NA	NA	NA	NA	NA	NA	NA	NA	NA	NA	NA	NA	NA	NA	NA	NA	NA	NA	NA	NA	NA	NA	NA	NA	NA	NA	NA	NA	NA	NA	NA	NA	NA	NA	NA	NA	NA	NA	NA	NA	NA	NA	NA
56	12	17546368	33875800	0.500949124325889	1	-0.0567217266415627	1.9363120439637	1	1	1	NA	NA	NA	NA	NA	NA	NA	NA	NA	NA	NA	NA	NA	NA	NA	NA	NA	NA	NA	NA	NA	NA	NA	NA	NA	NA	NA	NA	NA	NA	NA	NA	NA	NA	NA	NA	NA	NA	NA	NA	NA	NA	NA	NA	NA	NA	NA	NA	NA	NA	NA	NA	NA	NA	NA	NA	NA
57	12	33890147	42698095	0.580889295432365	0	-0.277329819858492	1.64990183865544	1	0	0.290137069022414	1	1	0.709862930977586	0.00359329696506322	0.00344227133440033	0.282923728663742	0.296306865590974	1	0	0.645068534511207	1	2	0.354931465488793	0.00179664848253158	0.00172113566720016	0.641461864331871	0.648153432795487	0	0	0.983873170823723	1	0	0.0161268291762773	0.000276824868703729	0.000267189315075584	0.983301263123383	0.984375264978669	0	0	0.991936585411861	2	0	0.00806341458813875	0.00013841243435192	0.000133594657537792	0.991650631561691	0.992187632489334	NA	NA	NA	NA	NA	NA	NA	NA	NA	NA	NA	NA	NA	NA	NA	NA	NA	NA	NA	NA
58	12	42703893	51517710	0.643354997663488	0	-0.374509685998478	1.53698192104664	1	0	0.46426687609979	1	1	0.53573312390021	0.00278220923777092	0.00256943072355426	0.459132501111515	0.469293392672545	1	0	0.732133438049895	1	2	0.267866561950105	0.00139110461888547	0.00128471536177714	0.729566250555758	0.734646696336272	1	1	0.162504975447299	2	1	0.837495024552701	0.00905360933850229	0.00836128317536482	0.145750569189366	0.178828002153588	0	1	0.0812524877236496	2	1	0.91874751227635	0.00452680466925114	0.00437340564371977	0.0727803246414176	0.0898876214019422	1	1	0.581252487723649	3	1	0.418747512276351	0.00452680466925115	0.00437340564371977	0.572780324641418	0.589887621401942	NA	NA	NA	NA	NA	NA	NA	NA	NA	NA
59	12	51519780	51659590	0.917098202203436	6.21316483746599e-15	-0.72869019039797	1.1842129550469	1	0	0.947606467406061	1	1	0.0523935325939391	0.00595197957600685	0.00588939779834928	0.936445400848031	0.959261078638844	1	0	0.97380323370303	1	2	0.0261967662969697	0.0029759897880034	0.00294469889917464	0.968222700424016	0.979630539319422	2	0	0.857210697795585	2	1	0.142789302204415	0.011665264560593	0.0115426107470635	0.835336161346796	0.880052530776552	2	0	0.928605348897792	2	2	0.0713946511022078	0.00583263228029651	0.00577130537353173	0.917668080673398	0.940026265388276	NA	NA	NA	NA	NA	NA	NA	NA	NA	NA	NA	NA	NA	NA	NA	NA	NA	NA	NA	NA
60	12	51666089	126703560	0.642326193553114	0	-0.39242611798896	1.51698133368171	1	0	0.461673282511872	1	1	0.538326717488129	0.000934100789088954	0.000955260165892804	0.459727045090333	0.463478834424742	1	0	0.730836641255936	1	2	0.269163358744064	0.000467050394544422	0.000462497008265137	0.729902780183066	0.731763951735475	0	0	0.966750556231856	1	0	0.0332494437681443	0.000120812590746977	0.000119805845557699	0.966504455911303	0.966974199508567	0	0	0.983375278115928	2	0	0.0166247218840723	6.04062953735163e-05	5.99412205057582e-05	0.983257719650484	0.983494476939358	NA	NA	NA	NA	NA	NA	NA	NA	NA	NA	NA	NA	NA	NA	NA	NA	NA	NA	NA	NA
61	12	126705897	133839356	0.904874565713853	0	-0.911243284109431	1.03352862695119	1	0	0.932261295870118	1	1	0.0677387041298817	0.000833156199678331	0.000846362787308633	0.930575083888806	0.933926522959002	1	0	0.966130647935059	1	2	0.0338693520649409	0.000416578099839193	0.000423181393654315	0.965287541944403	0.966963261479501	0	0	0.644360059341902	1	0	0.355639940658098	0.00302350984416122	0.00304792557404642	0.638288185162743	0.650481589962147	0	0	0.822180029670951	2	0	0.177819970329049	0.00151175492208061	0.00152396278702322	0.819144092581372	0.825240794981073	NA	NA	NA	NA	NA	NA	NA	NA	NA	NA	NA	NA	NA	NA	NA	NA	NA	NA	NA	NA
62	13	19449788	38433152	0.962183072928182	1	-0.977019964313218	1.28564050361501	1	0	1	NA	NA	NA	NA	NA	NA	NA	NA	NA	NA	NA	NA	NA	NA	NA	NA	NA	NA	NA	NA	NA	NA	NA	NA	NA	NA	NA	NA	NA	NA	NA	NA	NA	NA	NA	NA	NA	NA	NA	NA	NA	NA	NA	NA	NA	NA	NA	NA	NA	NA	NA	NA	NA	NA	NA	NA	NA
63	13	38449017	114994813	0.979891066197351	1	-0.107261580215229	2.49136098212754	2	0	1	NA	NA	NA	NA	NA	NA	NA	NA	NA	NA	NA	NA	NA	NA	NA	NA	NA	NA	NA	NA	NA	NA	NA	NA	NA	NA	NA	NA	NA	NA	NA	NA	NA	NA	NA	NA	NA	NA	NA	NA	NA	NA	NA	NA	NA	NA	NA	NA	NA	NA	NA	NA	NA	NA	NA	NA	NA
64	14	20476245	77653741	0.501346452943201	1	-0.0354283412476516	1.96634530314151	1	1	1	NA	NA	NA	NA	NA	NA	NA	NA	NA	NA	NA	NA	NA	NA	NA	NA	NA	NA	NA	NA	NA	NA	NA	NA	NA	NA	NA	NA	NA	NA	NA	NA	NA	NA	NA	NA	NA	NA	NA	NA	NA	NA	NA	NA	NA	NA	NA	NA	NA	NA	NA	NA	NA	NA	NA	NA	NA
65	14	77655487	77694133	0.915193732879561	1.78519388619393e-10	-0.815316940591722	1.11032990648549	1	0	0.945242613420979	1	1	0.0547573865790213	0.00747429941128919	0.00735828809091389	0.930319821991188	0.958981733184307	1	0	0.972621306710489	1	2	0.0273786932895108	0.00373714970564454	0.00367914404545695	0.965159910995594	0.979490866592153	2	0	0.852577788396877	2	1	0.147422211603123	0.0146488540366042	0.0144214838437264	0.823330660145162	0.879505042568744	2	0	0.926288894198439	2	2	0.0737111058015615	0.0073244270183021	0.00721074192186318	0.911665330072581	0.939752521284372	NA	NA	NA	NA	NA	NA	NA	NA	NA	NA	NA	NA	NA	NA	NA	NA	NA	NA	NA	NA
66	14	77694766	85336961	0.501994418952169	1	-0.0796914015273602	1.90440761409184	1	1	1	NA	NA	NA	NA	NA	NA	NA	NA	NA	NA	NA	NA	NA	NA	NA	NA	NA	NA	NA	NA	NA	NA	NA	NA	NA	NA	NA	NA	NA	NA	NA	NA	NA	NA	NA	NA	NA	NA	NA	NA	NA	NA	NA	NA	NA	NA	NA	NA	NA	NA	NA	NA	NA	NA	NA	NA	NA
67	14	85350989	86023181	0.910301490938907	4.30443631340196e-42	-0.997391072658359	0.96877645612995	0	0	0.617787789653443	1	0	0.382212210346557	0.0159270098653649	0.0159569327996764	0.583988159085896	0.646549353490138	0	0	0.808893894826722	2	0	0.191106105173278	0.00796350493268283	0.0079784663998382	0.791994079542948	0.82327467674507	1	0	0.939124955633209	1	1	0.060875044366791	0.00385168738484792	0.00385726931465294	0.931460077330236	0.946418417464963	1	0	0.969562477816604	1	2	0.0304375221833956	0.00192584369242399	0.00192863465732647	0.965730038665118	0.973209208732481	NA	NA	NA	NA	NA	NA	NA	NA	NA	NA	NA	NA	NA	NA	NA	NA	NA	NA	NA	NA
68	14	86024093	107231369	0.502062411179298	1	-0.0325867752408024	1.97038681910467	1	1	1	NA	NA	NA	NA	NA	NA	NA	NA	NA	NA	NA	NA	NA	NA	NA	NA	NA	NA	NA	NA	NA	NA	NA	NA	NA	NA	NA	NA	NA	NA	NA	NA	NA	NA	NA	NA	NA	NA	NA	NA	NA	NA	NA	NA	NA	NA	NA	NA	NA	NA	NA	NA	NA	NA	NA	NA	NA
69	15	20001861	32879199	0.502372534671291	1	-0.0298101138789543	1.97434371925288	1	1	1	NA	NA	NA	NA	NA	NA	NA	NA	NA	NA	NA	NA	NA	NA	NA	NA	NA	NA	NA	NA	NA	NA	NA	NA	NA	NA	NA	NA	NA	NA	NA	NA	NA	NA	NA	NA	NA	NA	NA	NA	NA	NA	NA	NA	NA	NA	NA	NA	NA	NA	NA	NA	NA	NA	NA	NA	NA
70	15	32899892	96750580	0.653001577915109	1	0.501666409419215	2.89094895417029	2	1	1	NA	NA	NA	NA	NA	NA	NA	NA	NA	NA	NA	NA	NA	NA	NA	NA	NA	NA	NA	NA	NA	NA	NA	NA	NA	NA	NA	NA	NA	NA	NA	NA	NA	NA	NA	NA	NA	NA	NA	NA	NA	NA	NA	NA	NA	NA	NA	NA	NA	NA	NA	NA	NA	NA	NA	NA	NA
71	15	96757477	102347662	0.772839666526369	0	0.242726568570403	2.4022428769671	2	0	0.441639942091318	2	1	0.558360057908682	0.00250720683124328	0.00254506958631702	0.436649737074858	0.446426861771956	2	0	0.720819971045659	2	2	0.279180028954341	0.00125360341562153	0.00127253479315851	0.718324868537429	0.723213430885978	1	0	0.735569386078883	1	1	0.264430613921117	0.00127925464312195	0.00129857339442158	0.733023228794256	0.738011820883781	1	0	0.867784693039441	1	2	0.132215306960559	0.000639627321560976	0.000649286697210794	0.866511614397128	0.869005910441891	NA	NA	NA	NA	NA	NA	NA	NA	NA	NA	NA	NA	NA	NA	NA	NA	NA	NA	NA	NA
72	16	94080	8471501	0.581519681355271	0	0.0510179266054906	2.09293007344741	1	1	0.59412436976166	2	1	0.40587563023834	0.00481092567414215	0.00470810397358263	0.584613429070807	0.603181097463983	0	1	0.29706218488083	2	1	0.70293781511917	0.00240546283707108	0.00240438304607724	0.292158332398009	0.301750490017105	1	1	0.79706218488083	3	1	0.20293781511917	0.00240546283707127	0.00240438304607724	0.792158332398009	0.801750490017105	1	0	0.292081194356864	1	1	0.707918805643136	0.00249143238322269	0.00248302966526057	0.286825085494377	0.29661687727387	1	0	0.646040597178432	1	2	0.353959402821568	0.00124571619161135	0.00124151483263028	0.643412542747188	0.648308438636935	NA	NA	NA	NA	NA	NA	NA	NA	NA	NA
73	16	8471554	14982580	0.540159418025145	0	0.164407908128986	2.27089526028872	1	1	0.818035924729063	2	1	0.181964075270937	0.00434174634611817	0.00430380805615139	0.809326932677688	0.826784520307836	0	1	0.409017962364531	2	1	0.590982037635469	0.00217087317305908	0.00215190402807569	0.404663466338844	0.413392260153918	1	1	0.909017962364531	3	1	0.0909820376354685	0.00217087317305908	0.0021519040280757	0.904663466338844	0.913392260153918	2	1	0.303601671745285	2	2	0.696398328254715	0.00616691348324599	0.00611422042698667	0.290992537378547	0.315866704423211	2	0	0.151800835872642	2	2	0.848199164127358	0.00308345674162296	0.00305711021349333	0.145496268689273	0.157933352211605	2	1	0.651800835872642	2	3	0.348199164127358	0.00308345674162303	0.00306154191436425	0.645940524217324	0.657880393114265
74	16	15021869	35272667	0.501623396767176	1	0.0354947832303612	2.06963698913095	1	1	1	NA	NA	NA	NA	NA	NA	NA	NA	NA	NA	NA	NA	NA	NA	NA	NA	NA	NA	NA	NA	NA	NA	NA	NA	NA	NA	NA	NA	NA	NA	NA	NA	NA	NA	NA	NA	NA	NA	NA	NA	NA	NA	NA	NA	NA	NA	NA	NA	NA	NA	NA	NA	NA	NA	NA	NA	NA
75	16	46472018	89985844	0.961442876015588	1	-0.955207982466923	1	1	0	1	NA	NA	NA	NA	NA	NA	NA	NA	NA	NA	NA	NA	NA	NA	NA	NA	NA	NA	NA	NA	NA	NA	NA	NA	NA	NA	NA	NA	NA	NA	NA	NA	NA	NA	NA	NA	NA	NA	NA	NA	NA	NA	NA	NA	NA	NA	NA	NA	NA	NA	NA	NA	NA	NA	NA	NA	NA
76	17	154755	14588665	0.638596920554202	0	-0.327306432967215	1.59088098510244	1	0	0.452201815110447	1	1	0.547798184889553	0.00177812975343541	0.00175941521959157	0.448915569156762	0.455688941736836	1	0	0.726100907555223	1	2	0.273899092444777	0.000889064876717693	0.000879707609795787	0.724457784578381	0.727844470868418	1	1	0.200962296609702	2	1	0.799037703390298	0.00555180861424652	0.00546070617219229	0.190460670647967	0.213163143656172	0	1	0.100481148304851	2	1	0.899518851695149	0.00277590430712326	0.00273035308609614	0.0952303353239837	0.106581571828086	1	1	0.600481148304851	3	1	0.399518851695149	0.00277590430712316	0.00273035308609615	0.595230335323984	0.606581571828086	NA	NA	NA	NA	NA	NA	NA	NA	NA	NA
77	17	14603639	79984621	0.5011574164415	1	0.039873037025065	2.0761813744451	1	1	1	NA	NA	NA	NA	NA	NA	NA	NA	NA	NA	NA	NA	NA	NA	NA	NA	NA	NA	NA	NA	NA	NA	NA	NA	NA	NA	NA	NA	NA	NA	NA	NA	NA	NA	NA	NA	NA	NA	NA	NA	NA	NA	NA	NA	NA	NA	NA	NA	NA	NA	NA	NA	NA	NA	NA	NA	NA
78	18	125371	78010620	0.501571619158848	1	-0.0614894506919263	1.92964792826769	1	1	1	NA	NA	NA	NA	NA	NA	NA	NA	NA	NA	NA	NA	NA	NA	NA	NA	NA	NA	NA	NA	NA	NA	NA	NA	NA	NA	NA	NA	NA	NA	NA	NA	NA	NA	NA	NA	NA	NA	NA	NA	NA	NA	NA	NA	NA	NA	NA	NA	NA	NA	NA	NA	NA	NA	NA	NA	NA
79	19	226776	59097308	0.502112627351686	1	0.106202958316001	2.1777964478204	1	1	1	NA	NA	NA	NA	NA	NA	NA	NA	NA	NA	NA	NA	NA	NA	NA	NA	NA	NA	NA	NA	NA	NA	NA	NA	NA	NA	NA	NA	NA	NA	NA	NA	NA	NA	NA	NA	NA	NA	NA	NA	NA	NA	NA	NA	NA	NA	NA	NA	NA	NA	NA	NA	NA	NA	NA	NA	NA
80	20	20002137	36636817	0.500317334149272	1	0.0162174941884339	2.04105736992076	1	1	1	NA	NA	NA	NA	NA	NA	NA	NA	NA	NA	NA	NA	NA	NA	NA	NA	NA	NA	NA	NA	NA	NA	NA	NA	NA	NA	NA	NA	NA	NA	NA	NA	NA	NA	NA	NA	NA	NA	NA	NA	NA	NA	NA	NA	NA	NA	NA	NA	NA	NA	NA	NA	NA	NA	NA	NA	NA
81	20	36653010	36808464	0.965327061524032	1	-0.958592362321265	1.40979334019163	1	0	1	NA	NA	NA	NA	NA	NA	NA	NA	NA	NA	NA	NA	NA	NA	NA	NA	NA	NA	NA	NA	NA	NA	NA	NA	NA	NA	NA	NA	NA	NA	NA	NA	NA	NA	NA	NA	NA	NA	NA	NA	NA	NA	NA	NA	NA	NA	NA	NA	NA	NA	NA	NA	NA	NA	NA	NA	NA
82	20	36808578	62918361	0.501858036162281	1	0.00984402109458128	2.0316920431863	1	1	1	NA	NA	NA	NA	NA	NA	NA	NA	NA	NA	NA	NA	NA	NA	NA	NA	NA	NA	NA	NA	NA	NA	NA	NA	NA	NA	NA	NA	NA	NA	NA	NA	NA	NA	NA	NA	NA	NA	NA	NA	NA	NA	NA	NA	NA	NA	NA	NA	NA	NA	NA	NA	NA	NA	NA	NA	NA
83	21	15273535	48101335	0.501619556526212	1	-0.052627106658497	1.94205292943116	1	1	1	NA	NA	NA	NA	NA	NA	NA	NA	NA	NA	NA	NA	NA	NA	NA	NA	NA	NA	NA	NA	NA	NA	NA	NA	NA	NA	NA	NA	NA	NA	NA	NA	NA	NA	NA	NA	NA	NA	NA	NA	NA	NA	NA	NA	NA	NA	NA	NA	NA	NA	NA	NA	NA	NA	NA	NA	NA
84	22	16857952	49999701	0.960929314401168	1	-0.87891963044202	1.05883948895543	1	0	1	NA	NA	NA	NA	NA	NA	NA	NA	NA	NA	NA	NA	NA	NA	NA	NA	NA	NA	NA	NA	NA	NA	NA	NA	NA	NA	NA	NA	NA	NA	NA	NA	NA	NA	NA	NA	NA	NA	NA	NA	NA	NA	NA	NA	NA	NA	NA	NA	NA	NA	NA	NA	NA	NA	NA	NA	NA
85	X	1453839	2699246	0.961400059931153	1	-0.786962619013688	1.13402633640397	1	0	1	NA	NA	NA	NA	NA	NA	NA	NA	NA	NA	NA	NA	NA	NA	NA	NA	NA	NA	NA	NA	NA	NA	NA	NA	NA	NA	NA	NA	NA	NA	NA	NA	NA	NA	NA	NA	NA	NA	NA	NA	NA	NA	NA	NA	NA	NA	NA	NA	NA	NA	NA	NA	NA	NA	NA	NA	NA
86	X	154933612	155249621	0.543865232565043	2.00366828702426e-05	-0.11641713771582	1.85443998594866	1	0	0.168048515270353	1	1	0.831951484729647	0.0335911952605159	0.033663039367388	0.103304573664242	0.238494314163318	1	0	0.584024257635177	1	2	0.415975742364823	0.016795597630258	0.016831519683694	0.551652286832121	0.619247157081659	1	1	0.799629952889409	2	1	0.200370047110591	0.0477615047139726	0.0485611479654429	0.690638031663081	0.884782955824069	0	1	0.399814976444704	2	1	0.600185023555295	0.0238807523569863	0.0242805739827215	0.34531901583154	0.442391477912034	1	1	0.899814976444705	3	1	0.100185023555295	0.0238807523569861	0.0242805739827215	0.84531901583154	0.942391477912035	NA	NA	NA	NA	NA	NA	NA	NA	NA	NA
