	chr	startpos	endpos	BAF	pval	LogR	ntot	nMaj1_A	nMin1_A	frac1_A	nMaj2_A	nMin2_A	frac2_A	SDfrac_A	SDfrac_A_BS	frac1_A_0.025	frac1_A_0.975	nMaj1_B	nMin1_B	frac1_B	nMaj2_B	nMin2_B	frac2_B	SDfrac_B	SDfrac_B_BS	frac1_B_0.025	frac1_B_0.975	nMaj1_C	nMin1_C	frac1_C	nMaj2_C	nMin2_C	frac2_C	SDfrac_C	SDfrac_C_BS	frac1_C_0.025	frac1_C_0.975	nMaj1_D	nMin1_D	frac1_D	nMaj2_D	nMin2_D	frac2_D	SDfrac_D	SDfrac_D_BS	frac1_D_0.025	frac1_D_0.975	nMaj1_E	nMin1_E	frac1_E	nMaj2_E	nMin2_E	frac2_E	SDfrac_E	SDfrac_E_BS	frac1_E_0.025	frac1_E_0.975	nMaj1_F	nMin1_F	frac1_F	nMaj2_F	nMin2_F	frac2_F	SDfrac_F	SDfrac_F_BS	frac1_F_0.025	frac1_F_0.975
1	1	811716	63638520	0.503742532105781	1	-0.090485610611615	2.02108694619354	1	1	1	NA	NA	NA	NA	NA	NA	NA	NA	NA	NA	NA	NA	NA	NA	NA	NA	NA	NA	NA	NA	NA	NA	NA	NA	NA	NA	NA	NA	NA	NA	NA	NA	NA	NA	NA	NA	NA	NA	NA	NA	NA	NA	NA	NA	NA	NA	NA	NA	NA	NA	NA	NA	NA	NA	NA	NA	NA
2	1	63638714	118162419	0.949098691590697	1	-1.05186059106161	0.984292581462344	1	0	1	NA	NA	NA	NA	NA	NA	NA	NA	NA	NA	NA	NA	NA	NA	NA	NA	NA	NA	NA	NA	NA	NA	NA	NA	NA	NA	NA	NA	NA	NA	NA	NA	NA	NA	NA	NA	NA	NA	NA	NA	NA	NA	NA	NA	NA	NA	NA	NA	NA	NA	NA	NA	NA	NA	NA	NA	NA
3	1	118164722	183556620	0.749344403345954	1	0.888576338356274	4.09109008712753	3	1	1	NA	NA	NA	NA	NA	NA	NA	NA	NA	NA	NA	NA	NA	NA	NA	NA	NA	NA	NA	NA	NA	NA	NA	NA	NA	NA	NA	NA	NA	NA	NA	NA	NA	NA	NA	NA	NA	NA	NA	NA	NA	NA	NA	NA	NA	NA	NA	NA	NA	NA	NA	NA	NA	NA	NA	NA	NA
4	1	183589199	184633232	0.671755574847502	0.0140282868924734	0.523920032811607	3.15271768454557	2	1	0.895755492192939	3	1	0.104244507807061	0.0435184658557756	0.0432279978377347	0.815579485142635	0.979518466105397	1	1	0.44787774609647	3	1	0.55212225390353	0.0217592329278876	0.0216139989188673	0.407789742571317	0.489759233052698	2	1	0.94787774609647	4	1	0.0521222539035298	0.0217592329278878	0.0216139989188674	0.907789742571318	0.989759233052698	3	1	0.562300995151678	3	2	0.437699004848322	0.0300814345402943	0.0300138661745109	0.500713521350723	0.615599628347775	3	0	0.281150497575839	3	2	0.718849502424161	0.0150407172701471	0.0150069330872555	0.250356760675362	0.307799814173888	3	1	0.781150497575839	3	3	0.218849502424161	0.0150407172701472	0.0150069330872555	0.750356760675362	0.807799814173887
5	1	184633717	184734488	0.56455730365844	2.94619785048517e-07	0.535888667147209	3.17990066572822	2	1	0.470018290027493	2	2	0.529981709972507	0.0781695833356411	0.0789201047522725	0.307610624358732	0.617683623166544	2	0	0.235009145013746	2	2	0.764990854986254	0.0390847916678205	0.0394600523761362	0.153805312179366	0.308841811583272	2	1	0.735009145013746	2	3	0.264990854986254	0.0390847916678205	0.0394600523761362	0.653805312179366	0.808841811583272	1	1	0.687128404458695	2	1	0.312871595541305	0.0674842641137643	0.0678973777067107	0.546550152895278	0.813593258107564	0	1	0.343564202229347	2	1	0.656435797770653	0.0337421320568822	0.0339486888533553	0.273275076447639	0.406796629053782	1	1	0.843564202229348	3	1	0.156435797770652	0.0337421320568822	0.0339486888533553	0.773275076447639	0.906796629053782
6	1	184734785	249216384	0.675207189452658	0	0.460183137944446	3.01169705706677	2	1	0.861593727214503	3	1	0.138406272785497	0.00298498191207669	0.00311048560387378	0.855591132305299	0.867920816784909	1	1	0.430796863607251	3	1	0.569203136392749	0.00149249095603801	0.00150011310728019	0.427723282404824	0.433512186178678	2	1	0.930796863607251	4	1	0.0692031363927486	0.00149249095603804	0.00150823319692456	0.928010863936847	0.933807106722317	2	0	0.0665771381549176	2	1	0.933422861845082	0.00134525855252994	0.0012929996978131	0.0639909664095195	0.0690326138281781	2	0	0.533288569077459	2	2	0.466711430922541	0.000672629276264991	0.000667616765161551	0.531934661577668	0.534570809969449	NA	NA	NA	NA	NA	NA	NA	NA	NA	NA
7	2	11320	141408045	0.502896561135277	1	-0.117257608943413	1.98189898343606	1	1	1	NA	NA	NA	NA	NA	NA	NA	NA	NA	NA	NA	NA	NA	NA	NA	NA	NA	NA	NA	NA	NA	NA	NA	NA	NA	NA	NA	NA	NA	NA	NA	NA	NA	NA	NA	NA	NA	NA	NA	NA	NA	NA	NA	NA	NA	NA	NA	NA	NA	NA	NA	NA	NA	NA	NA	NA	NA
8	2	141409166	141769592	0.647661757142095	2.59337247624386e-05	0.392761450011145	2.86915132130337	1	1	0.115577032107697	2	1	0.884422967892303	0.0259803527767423	0.0261417978498075	0.0673601009699858	0.170388656163785	0	1	0.0577885160538485	2	1	0.942211483946152	0.0129901763883712	0.0130708989249038	0.0336800504849929	0.0851943280818927	1	1	0.557788516053848	3	1	0.442211483946152	0.0129901763883715	0.0130708989249037	0.533680050484992	0.585194328081892	1	0	0.481140087420632	1	1	0.518859912579368	0.00768856154431918	0.00775953752609736	0.464271851131858	0.494932901747112	1	0	0.740570043710316	1	2	0.259429956289684	0.00384428077215959	0.00387976876304868	0.732135925565929	0.747466450873556	NA	NA	NA	NA	NA	NA	NA	NA	NA	NA
9	2	141776453	242838874	0.502833259967298	1	-0.110780389975431	1.99131354156067	1	1	1	NA	NA	NA	NA	NA	NA	NA	NA	NA	NA	NA	NA	NA	NA	NA	NA	NA	NA	NA	NA	NA	NA	NA	NA	NA	NA	NA	NA	NA	NA	NA	NA	NA	NA	NA	NA	NA	NA	NA	NA	NA	NA	NA	NA	NA	NA	NA	NA	NA	NA	NA	NA	NA	NA	NA	NA	NA
10	3	64165	179388406	0.503051013591285	1	-0.116811806567594	1.98254559811445	1	1	1	NA	NA	NA	NA	NA	NA	NA	NA	NA	NA	NA	NA	NA	NA	NA	NA	NA	NA	NA	NA	NA	NA	NA	NA	NA	NA	NA	NA	NA	NA	NA	NA	NA	NA	NA	NA	NA	NA	NA	NA	NA	NA	NA	NA	NA	NA	NA	NA	NA	NA	NA	NA	NA	NA	NA	NA	NA
11	3	179389458	197842892	0.952063206229804	1	-0.971596288462713	1.04691819215657	1	0	1	NA	NA	NA	NA	NA	NA	NA	NA	NA	NA	NA	NA	NA	NA	NA	NA	NA	NA	NA	NA	NA	NA	NA	NA	NA	NA	NA	NA	NA	NA	NA	NA	NA	NA	NA	NA	NA	NA	NA	NA	NA	NA	NA	NA	NA	NA	NA	NA	NA	NA	NA	NA	NA	NA	NA	NA	NA
12	4	81303	1865381	0.944476607064401	1	-1.04171534897886	0.992017303616474	1	0	1	NA	NA	NA	NA	NA	NA	NA	NA	NA	NA	NA	NA	NA	NA	NA	NA	NA	NA	NA	NA	NA	NA	NA	NA	NA	NA	NA	NA	NA	NA	NA	NA	NA	NA	NA	NA	NA	NA	NA	NA	NA	NA	NA	NA	NA	NA	NA	NA	NA	NA	NA	NA	NA	NA	NA	NA	NA
13	4	1880235	3368526	0.647020534151999	3.4888281431544e-13	0.460028640099957	3.01136273716167	2	1	0.933979486598011	2	2	0.0660205134019891	0.00910896008510859	0.00905597560870801	0.915050780412115	0.952077766686246	2	0	0.466989743299006	2	2	0.533010256700994	0.0045544800425541	0.00452798780435399	0.457525390206057	0.476038883343123	2	1	0.966989743299005	2	3	0.0330102567009946	0.0045544800425541	0.00452798780435399	0.957525390206057	0.976038883343123	1	1	0.121017316811111	2	1	0.878982683188889	0.0157140753638083	0.0156315131154327	0.0891132108408637	0.153073742392071	0	1	0.0605086584055554	2	1	0.939491341594445	0.00785703768190417	0.00781575655771633	0.0445566054204319	0.0765368711960354	1	1	0.560508658405555	3	1	0.439491341594445	0.00785703768190399	0.00781575655771634	0.544556605420432	0.576536871196035
14	4	3369500	3468436	0.94804473818765	1	-0.152085162979213	1.93199588289282	1	0	1	NA	NA	NA	NA	NA	NA	NA	NA	NA	NA	NA	NA	NA	NA	NA	NA	NA	NA	NA	NA	NA	NA	NA	NA	NA	NA	NA	NA	NA	NA	NA	NA	NA	NA	NA	NA	NA	NA	NA	NA	NA	NA	NA	NA	NA	NA	NA	NA	NA	NA	NA	NA	NA	NA	NA	NA	NA
15	4	3469589	8782517	0.645266404070638	3.56907462850106e-70	0.387431499935466	2.85816409007293	1	1	0.135799269301419	2	1	0.864200730698581	0.00720566312116863	0.00725366401826195	0.121598578137516	0.148927040866793	0	1	0.0678996346507096	2	1	0.93210036534929	0.0036028315605843	0.00362683200913097	0.0607992890687582	0.0744635204333962	1	1	0.567899634650709	3	1	0.432100365349291	0.00360283156058416	0.00362683200913097	0.560799289068758	0.574463520433396	1	0	0.475092195830376	1	1	0.524907804169624	0.00217770330600775	0.0021910880660231	0.471014190401831	0.479334670958543	1	0	0.737546097915188	1	2	0.262453902084812	0.00108885165300382	0.00109554403301154	0.735507095200916	0.739667335479271	NA	NA	NA	NA	NA	NA	NA	NA	NA	NA
16	4	8844968	28275727	0.948553608591687	1	-0.160622220889934	1.91994619366788	1	0	1	NA	NA	NA	NA	NA	NA	NA	NA	NA	NA	NA	NA	NA	NA	NA	NA	NA	NA	NA	NA	NA	NA	NA	NA	NA	NA	NA	NA	NA	NA	NA	NA	NA	NA	NA	NA	NA	NA	NA	NA	NA	NA	NA	NA	NA	NA	NA	NA	NA	NA	NA	NA	NA	NA	NA	NA	NA
17	4	28293608	28560646	0.647585839320836	3.22234577054056e-05	0.386622436901089	2.85649982220813	1	1	0.116222169730588	2	1	0.883777830269412	0.0264697624388356	0.0270783517272329	0.0643232539773169	0.169619930727188	0	1	0.0581110848652939	2	1	0.941888915134706	0.0132348812194178	0.0135391758636165	0.0321616269886584	0.0848099653635942	1	1	0.558111084865294	3	1	0.441888915134706	0.0132348812194181	0.0135391758636165	0.532161626988658	0.584809965363594	1	0	0.480949093340106	1	1	0.519050906659894	0.00783859399046741	0.00802413472039881	0.464481129742355	0.495727469199293	1	0	0.740474546670053	1	2	0.259525453329947	0.00391929699523375	0.0040120673601994	0.732240564871178	0.747863734599646	NA	NA	NA	NA	NA	NA	NA	NA	NA	NA
18	4	28561087	30128932	0.952302377239958	1	-0.175866904144143	1.89860553094536	1	0	1	NA	NA	NA	NA	NA	NA	NA	NA	NA	NA	NA	NA	NA	NA	NA	NA	NA	NA	NA	NA	NA	NA	NA	NA	NA	NA	NA	NA	NA	NA	NA	NA	NA	NA	NA	NA	NA	NA	NA	NA	NA	NA	NA	NA	NA	NA	NA	NA	NA	NA	NA	NA	NA	NA	NA	NA	NA
19	4	30159322	30393276	0.654420375262072	1	0.383827857044102	2.85075845859132	2	1	1	NA	NA	NA	NA	NA	NA	NA	NA	NA	NA	NA	NA	NA	NA	NA	NA	NA	NA	NA	NA	NA	NA	NA	NA	NA	NA	NA	NA	NA	NA	NA	NA	NA	NA	NA	NA	NA	NA	NA	NA	NA	NA	NA	NA	NA	NA	NA	NA	NA	NA	NA	NA	NA	NA	NA	NA	NA
20	4	30394278	32498885	0.942883395254305	1	-0.17063852818741	1.90589921452255	1	0	1	NA	NA	NA	NA	NA	NA	NA	NA	NA	NA	NA	NA	NA	NA	NA	NA	NA	NA	NA	NA	NA	NA	NA	NA	NA	NA	NA	NA	NA	NA	NA	NA	NA	NA	NA	NA	NA	NA	NA	NA	NA	NA	NA	NA	NA	NA	NA	NA	NA	NA	NA	NA	NA	NA	NA	NA	NA
21	4	32593580	33024512	0.644488788015183	4.58920045503834e-07	0.396803818089875	2.87751142277329	1	1	0.142305528552778	2	1	0.857694471447222	0.0262715866966358	0.0263986525040991	0.0845742038289409	0.19335941722039	0	1	0.071152764276389	2	1	0.928847235723611	0.0131357933483179	0.0131993262520496	0.0422871019144705	0.0966797086101953	1	1	0.571152764276388	3	1	0.428847235723612	0.0131357933483179	0.0131993262520496	0.54228710191447	0.596679708610195	2	1	0.921501798217867	2	2	0.0784982017821325	0.0155691228128758	0.0156165667767204	0.889990179089047	0.953761916040017	2	0	0.460750899108933	2	2	0.539249100891066	0.00778456140643796	0.0078082833883602	0.444995089544524	0.476880958020009	2	1	0.960750899108933	2	3	0.0392491008910666	0.00778456140643785	0.00758553980440836	0.945658177877594	0.975388691742084
22	4	33073829	42458639	0.950021972710945	1	-0.134152921043654	1.95753985297846	1	0	1	NA	NA	NA	NA	NA	NA	NA	NA	NA	NA	NA	NA	NA	NA	NA	NA	NA	NA	NA	NA	NA	NA	NA	NA	NA	NA	NA	NA	NA	NA	NA	NA	NA	NA	NA	NA	NA	NA	NA	NA	NA	NA	NA	NA	NA	NA	NA	NA	NA	NA	NA	NA	NA	NA	NA	NA	NA
23	4	42460301	42837289	0.660983022309961	1	0.420553113738301	2.92710372279143	2	1	1	NA	NA	NA	NA	NA	NA	NA	NA	NA	NA	NA	NA	NA	NA	NA	NA	NA	NA	NA	NA	NA	NA	NA	NA	NA	NA	NA	NA	NA	NA	NA	NA	NA	NA	NA	NA	NA	NA	NA	NA	NA	NA	NA	NA	NA	NA	NA	NA	NA	NA	NA	NA	NA	NA	NA	NA	NA
24	4	42844598	44430756	0.951029034814819	1	-0.146899310458302	1.93935037835768	1	0	1	NA	NA	NA	NA	NA	NA	NA	NA	NA	NA	NA	NA	NA	NA	NA	NA	NA	NA	NA	NA	NA	NA	NA	NA	NA	NA	NA	NA	NA	NA	NA	NA	NA	NA	NA	NA	NA	NA	NA	NA	NA	NA	NA	NA	NA	NA	NA	NA	NA	NA	NA	NA	NA	NA	NA	NA	NA
25	4	44434717	47073414	0.64659410089097	1.00343337515284e-21	0.39229396003243	2.86818600629814	1	1	0.124624345563367	2	1	0.875375654436633	0.0122827286953204	0.0124603550663789	0.0991173386362318	0.149298860625029	0	1	0.0623121727816837	2	1	0.937687827218316	0.00614136434766021	0.00623017753318943	0.0495586693181159	0.0746494303125147	1	1	0.562312172781683	3	1	0.437687827218317	0.00614136434766049	0.00623017753318944	0.549558669318116	0.574649430312514	1	0	0.478449957690689	1	1	0.521550042309311	0.00366922055696378	0.00372286020962566	0.470967397422929	0.485882926550355	1	0	0.739224978845344	1	2	0.260775021154656	0.00183461027848192	0.00186143010481283	0.735483698711465	0.742941463275178	NA	NA	NA	NA	NA	NA	NA	NA	NA	NA
26	4	47075905	47641696	0.510561347702897	0.00011226129082098	0.825433212681826	3.91117026228954	2	1	0.0850254252807087	2	2	0.914974574719291	0.0213212841556328	0.0211012388545892	0.0441345839925467	0.128106862719188	2	0	0.0425127126403543	2	2	0.957487287359646	0.0106606420778164	0.0105506194272946	0.0220672919962733	0.0640534313595942	2	1	0.542512712640354	2	3	0.457487287359646	0.0106606420778164	0.0105506194272946	0.522067291996273	0.564053431359594	1	1	0.954462116528943	2	1	0.0455378834710569	0.0119120945136888	0.0118098671469093	0.92980646410818	0.976530889954442	0	1	0.477231058264472	2	1	0.522768941735528	0.00595604725684437	0.00590493357345465	0.46490323205409	0.488265444977221	1	1	0.977231058264471	3	1	0.0227689417355287	0.0059560472568444	0.00590493357345466	0.964903232054089	0.988265444977221
27	4	47664155	54797237	0.651723039027031	1	0.417786965773544	2.9212854729632	2	1	1	NA	NA	NA	NA	NA	NA	NA	NA	NA	NA	NA	NA	NA	NA	NA	NA	NA	NA	NA	NA	NA	NA	NA	NA	NA	NA	NA	NA	NA	NA	NA	NA	NA	NA	NA	NA	NA	NA	NA	NA	NA	NA	NA	NA	NA	NA	NA	NA	NA	NA	NA	NA	NA	NA	NA	NA	NA
28	4	54824288	57186686	0.949027620514706	1	-0.139839285150805	1.94940538515028	1	0	1	NA	NA	NA	NA	NA	NA	NA	NA	NA	NA	NA	NA	NA	NA	NA	NA	NA	NA	NA	NA	NA	NA	NA	NA	NA	NA	NA	NA	NA	NA	NA	NA	NA	NA	NA	NA	NA	NA	NA	NA	NA	NA	NA	NA	NA	NA	NA	NA	NA	NA	NA	NA	NA	NA	NA	NA	NA
29	4	57186824	57223682	0.660522905382742	1	0.387233012511186	2.85775570885499	2	1	1	NA	NA	NA	NA	NA	NA	NA	NA	NA	NA	NA	NA	NA	NA	NA	NA	NA	NA	NA	NA	NA	NA	NA	NA	NA	NA	NA	NA	NA	NA	NA	NA	NA	NA	NA	NA	NA	NA	NA	NA	NA	NA	NA	NA	NA	NA	NA	NA	NA	NA	NA	NA	NA	NA	NA	NA	NA
30	4	57225049	190709869	0.950385130109351	1	-0.120684011383488	1.97693581714489	1	0	1	NA	NA	NA	NA	NA	NA	NA	NA	NA	NA	NA	NA	NA	NA	NA	NA	NA	NA	NA	NA	NA	NA	NA	NA	NA	NA	NA	NA	NA	NA	NA	NA	NA	NA	NA	NA	NA	NA	NA	NA	NA	NA	NA	NA	NA	NA	NA	NA	NA	NA	NA	NA	NA	NA	NA	NA	NA
31	5	1061571	43563100	0.7367681160833	1	0.794988947784903	3.82719613010159	3	1	1	NA	NA	NA	NA	NA	NA	NA	NA	NA	NA	NA	NA	NA	NA	NA	NA	NA	NA	NA	NA	NA	NA	NA	NA	NA	NA	NA	NA	NA	NA	NA	NA	NA	NA	NA	NA	NA	NA	NA	NA	NA	NA	NA	NA	NA	NA	NA	NA	NA	NA	NA	NA	NA	NA	NA	NA	NA
32	5	43564052	54168675	0.652768789223508	1	0.416845810443365	2.91930841136489	2	1	1	NA	NA	NA	NA	NA	NA	NA	NA	NA	NA	NA	NA	NA	NA	NA	NA	NA	NA	NA	NA	NA	NA	NA	NA	NA	NA	NA	NA	NA	NA	NA	NA	NA	NA	NA	NA	NA	NA	NA	NA	NA	NA	NA	NA	NA	NA	NA	NA	NA	NA	NA	NA	NA	NA	NA	NA	NA
33	5	54170161	59814843	0.502602616260852	1	-0.0895464738197476	2.0224748695044	1	1	1	NA	NA	NA	NA	NA	NA	NA	NA	NA	NA	NA	NA	NA	NA	NA	NA	NA	NA	NA	NA	NA	NA	NA	NA	NA	NA	NA	NA	NA	NA	NA	NA	NA	NA	NA	NA	NA	NA	NA	NA	NA	NA	NA	NA	NA	NA	NA	NA	NA	NA	NA	NA	NA	NA	NA	NA	NA
34	5	59820870	60257100	0.65517713096028	1	0.415272512753657	2.91600630277994	2	1	1	NA	NA	NA	NA	NA	NA	NA	NA	NA	NA	NA	NA	NA	NA	NA	NA	NA	NA	NA	NA	NA	NA	NA	NA	NA	NA	NA	NA	NA	NA	NA	NA	NA	NA	NA	NA	NA	NA	NA	NA	NA	NA	NA	NA	NA	NA	NA	NA	NA	NA	NA	NA	NA	NA	NA	NA	NA
35	5	60258548	96206373	0.502598623757119	1	-0.102609003608291	2.0032510078546	1	1	1	NA	NA	NA	NA	NA	NA	NA	NA	NA	NA	NA	NA	NA	NA	NA	NA	NA	NA	NA	NA	NA	NA	NA	NA	NA	NA	NA	NA	NA	NA	NA	NA	NA	NA	NA	NA	NA	NA	NA	NA	NA	NA	NA	NA	NA	NA	NA	NA	NA	NA	NA	NA	NA	NA	NA	NA	NA
36	5	96208673	96447122	0.659390775293024	1	0.521922117729839	3.14820197369725	2	1	1	NA	NA	NA	NA	NA	NA	NA	NA	NA	NA	NA	NA	NA	NA	NA	NA	NA	NA	NA	NA	NA	NA	NA	NA	NA	NA	NA	NA	NA	NA	NA	NA	NA	NA	NA	NA	NA	NA	NA	NA	NA	NA	NA	NA	NA	NA	NA	NA	NA	NA	NA	NA	NA	NA	NA	NA	NA
37	5	96451417	180722682	0.503015746204571	1	-0.114659784473714	1.98566981342379	1	1	1	NA	NA	NA	NA	NA	NA	NA	NA	NA	NA	NA	NA	NA	NA	NA	NA	NA	NA	NA	NA	NA	NA	NA	NA	NA	NA	NA	NA	NA	NA	NA	NA	NA	NA	NA	NA	NA	NA	NA	NA	NA	NA	NA	NA	NA	NA	NA	NA	NA	NA	NA	NA	NA	NA	NA	NA	NA
38	6	205800	111417959	0.50195304128772	1	-0.102859548532136	2.00288398454572	1	1	1	NA	NA	NA	NA	NA	NA	NA	NA	NA	NA	NA	NA	NA	NA	NA	NA	NA	NA	NA	NA	NA	NA	NA	NA	NA	NA	NA	NA	NA	NA	NA	NA	NA	NA	NA	NA	NA	NA	NA	NA	NA	NA	NA	NA	NA	NA	NA	NA	NA	NA	NA	NA	NA	NA	NA	NA	NA
39	6	111455121	111911476	0.906963982959557	5.54505135509671e-20	-0.928547681703904	1.08196989995619	1	0	0.946929613764499	1	1	0.053070386235501	0.00536328710315814	0.00528840591344011	0.936188590482384	0.956809341693662	1	0	0.973464806882249	1	2	0.0265351931177505	0.00268164355157896	0.00264420295672005	0.968094295241192	0.978404670846831	2	0	0.844349997827764	2	1	0.155650002172236	0.0104461603199151	0.0103003130255797	0.823429534491231	0.863592902389858	2	0	0.922174998913882	2	2	0.0778250010861181	0.00522308015995754	0.00515015651278983	0.911714767245616	0.931796451194929	NA	NA	NA	NA	NA	NA	NA	NA	NA	NA	NA	NA	NA	NA	NA	NA	NA	NA	NA	NA
40	6	111914825	170918194	0.503246953749487	1	-0.113776190457236	1.98695392827572	1	1	1	NA	NA	NA	NA	NA	NA	NA	NA	NA	NA	NA	NA	NA	NA	NA	NA	NA	NA	NA	NA	NA	NA	NA	NA	NA	NA	NA	NA	NA	NA	NA	NA	NA	NA	NA	NA	NA	NA	NA	NA	NA	NA	NA	NA	NA	NA	NA	NA	NA	NA	NA	NA	NA	NA	NA	NA	NA
41	7	115454	159122682	0.659763124543846	1	0.449618344996515	2.98891804603691	2	1	1	NA	NA	NA	NA	NA	NA	NA	NA	NA	NA	NA	NA	NA	NA	NA	NA	NA	NA	NA	NA	NA	NA	NA	NA	NA	NA	NA	NA	NA	NA	NA	NA	NA	NA	NA	NA	NA	NA	NA	NA	NA	NA	NA	NA	NA	NA	NA	NA	NA	NA	NA	NA	NA	NA	NA	NA	NA
42	8	33664	128285583	0.502968828240255	1	-0.117937088326262	1.98091381589471	1	1	1	NA	NA	NA	NA	NA	NA	NA	NA	NA	NA	NA	NA	NA	NA	NA	NA	NA	NA	NA	NA	NA	NA	NA	NA	NA	NA	NA	NA	NA	NA	NA	NA	NA	NA	NA	NA	NA	NA	NA	NA	NA	NA	NA	NA	NA	NA	NA	NA	NA	NA	NA	NA	NA	NA	NA	NA	NA
43	8	128285968	146300991	0.7453148164229	1	0.873081547327208	4.04620750027998	3	1	1	NA	NA	NA	NA	NA	NA	NA	NA	NA	NA	NA	NA	NA	NA	NA	NA	NA	NA	NA	NA	NA	NA	NA	NA	NA	NA	NA	NA	NA	NA	NA	NA	NA	NA	NA	NA	NA	NA	NA	NA	NA	NA	NA	NA	NA	NA	NA	NA	NA	NA	NA	NA	NA	NA	NA	NA	NA
44	9	214719	9448103	0.502413684171111	1	-0.105790660391813	1.99859492952115	1	1	1	NA	NA	NA	NA	NA	NA	NA	NA	NA	NA	NA	NA	NA	NA	NA	NA	NA	NA	NA	NA	NA	NA	NA	NA	NA	NA	NA	NA	NA	NA	NA	NA	NA	NA	NA	NA	NA	NA	NA	NA	NA	NA	NA	NA	NA	NA	NA	NA	NA	NA	NA	NA	NA	NA	NA	NA	NA
45	9	9459495	9576215	0.940017079153478	0.0191376456537629	-1.06545921341321	0.974023247646431	0	0	0.190601939874115	1	0	0.809398060125885	0.0665600638931192	0.0658656861829751	0.0469423721414298	0.30392401013846	0	0	0.595300969937059	2	0	0.404699030062941	0.033280031946559	0.0329328430914875	0.523471186070716	0.651962005069231	1	0	0.987837602819985	1	1	0.0121623971800152	0.00515681220353142	0.0050661708294821	0.977464061639229	0.997246942820065	1	0	0.993918801409992	1	2	0.00608119859000755	0.0025784061017658	0.00253308541474105	0.988732030819614	0.998623471410032	NA	NA	NA	NA	NA	NA	NA	NA	NA	NA	NA	NA	NA	NA	NA	NA	NA	NA	NA	NA
46	9	9576518	10296326	0.504915202380645	1	-0.145190592144695	1.94177945224132	1	1	1	NA	NA	NA	NA	NA	NA	NA	NA	NA	NA	NA	NA	NA	NA	NA	NA	NA	NA	NA	NA	NA	NA	NA	NA	NA	NA	NA	NA	NA	NA	NA	NA	NA	NA	NA	NA	NA	NA	NA	NA	NA	NA	NA	NA	NA	NA	NA	NA	NA	NA	NA	NA	NA	NA	NA	NA	NA
47	9	10348246	10783920	0.649789514707731	0.000183678386235937	0.38938174380549	2.86217964096584	1	1	0.0973819096304422	2	1	0.902618090369558	0.0250203638799272	0.0240498824057822	0.0503061998952129	0.144771266441777	0	1	0.0486909548152211	2	1	0.951309045184779	0.0125101819399636	0.0120249412028911	0.0251530999476065	0.0723856332208887	1	1	0.548690954815221	3	1	0.451309045184779	0.0125101819399636	0.0120249412028911	0.525153099947606	0.572385633220888	1	0	0.486474946589567	1	1	0.513525053410433	0.00726750375824345	0.00701153794102201	0.472275815693136	0.499787175016983	1	0	0.743237473294783	1	2	0.256762526705217	0.00363375187912168	0.003505768970511	0.736137907846568	0.749893587508492	NA	NA	NA	NA	NA	NA	NA	NA	NA	NA
48	9	10803307	141038316	0.50237715485124	1	-0.12034733084684	1.97742297904534	1	1	1	NA	NA	NA	NA	NA	NA	NA	NA	NA	NA	NA	NA	NA	NA	NA	NA	NA	NA	NA	NA	NA	NA	NA	NA	NA	NA	NA	NA	NA	NA	NA	NA	NA	NA	NA	NA	NA	NA	NA	NA	NA	NA	NA	NA	NA	NA	NA	NA	NA	NA	NA	NA	NA	NA	NA	NA	NA
49	10	94426	126995928	0.502822165698254	1	-0.117984649231549	1.98084487538517	1	1	1	NA	NA	NA	NA	NA	NA	NA	NA	NA	NA	NA	NA	NA	NA	NA	NA	NA	NA	NA	NA	NA	NA	NA	NA	NA	NA	NA	NA	NA	NA	NA	NA	NA	NA	NA	NA	NA	NA	NA	NA	NA	NA	NA	NA	NA	NA	NA	NA	NA	NA	NA	NA	NA	NA	NA	NA	NA
50	10	126996492	127081979	0.896553441120886	6.08333563641571e-23	-0.992758191141323	1.03006710471431	1	0	0.933420437136044	1	1	0.0665795628639564	0.00540067235729114	0.00535643480381054	0.922959336357708	0.943833130582104	1	0	0.966710218568022	1	2	0.0332897814319781	0.00270033617864557	0.00267821740190527	0.961479668178854	0.971916565291052	0	0	0.577033560524324	1	0	0.422966439475676	0.0212429517409674	0.0211392614363959	0.531935531402392	0.614818389029224	0	0	0.788516780262163	2	0	0.211483219737837	0.010621475870484	0.0105696307181979	0.765967765701196	0.807409194514613	NA	NA	NA	NA	NA	NA	NA	NA	NA	NA	NA	NA	NA	NA	NA	NA	NA	NA	NA	NA
51	10	127085762	135235890	0.504913673333166	1	-0.164409548149563	1.91462333495463	1	1	1	NA	NA	NA	NA	NA	NA	NA	NA	NA	NA	NA	NA	NA	NA	NA	NA	NA	NA	NA	NA	NA	NA	NA	NA	NA	NA	NA	NA	NA	NA	NA	NA	NA	NA	NA	NA	NA	NA	NA	NA	NA	NA	NA	NA	NA	NA	NA	NA	NA	NA	NA	NA	NA	NA	NA	NA	NA
52	11	197337	9501274	0.503827988919605	1	-0.0916325531986932	2.01939313767989	1	1	1	NA	NA	NA	NA	NA	NA	NA	NA	NA	NA	NA	NA	NA	NA	NA	NA	NA	NA	NA	NA	NA	NA	NA	NA	NA	NA	NA	NA	NA	NA	NA	NA	NA	NA	NA	NA	NA	NA	NA	NA	NA	NA	NA	NA	NA	NA	NA	NA	NA	NA	NA	NA	NA	NA	NA	NA	NA
53	11	9501747	9510715	0.933381519928662	0.34452277786968	-0.828852658347009	1.16727576970646	1	0	1	NA	NA	NA	NA	NA	NA	NA	NA	NA	NA	NA	NA	NA	NA	NA	NA	NA	NA	NA	NA	NA	NA	NA	NA	NA	NA	NA	NA	NA	NA	NA	NA	NA	NA	NA	NA	NA	NA	NA	NA	NA	NA	NA	NA	NA	NA	NA	NA	NA	NA	NA	NA	NA	NA	NA	NA	NA
54	11	9512121	127269143	0.504411680685634	1	-0.0751379860789388	2.04388241429562	1	1	1	NA	NA	NA	NA	NA	NA	NA	NA	NA	NA	NA	NA	NA	NA	NA	NA	NA	NA	NA	NA	NA	NA	NA	NA	NA	NA	NA	NA	NA	NA	NA	NA	NA	NA	NA	NA	NA	NA	NA	NA	NA	NA	NA	NA	NA	NA	NA	NA	NA	NA	NA	NA	NA	NA	NA	NA	NA
55	11	127271444	130987535	0.642956994440787	2.42497185464247e-48	0.507917085400205	3.11672259134374	2	1	0.913904654163618	2	2	0.0860953458363823	0.00590599948463505	0.0057920070752271	0.90256057783006	0.92517978114788	2	0	0.456952327081809	2	2	0.543047672918191	0.00295299974231752	0.00289600353761356	0.45128028891503	0.46258989057394	2	1	0.956952327081809	2	3	0.0430476729181911	0.00295299974231755	0.00289600353761356	0.951280288915029	0.96258989057394	3	1	0.358590677262641	3	2	0.641409322737359	0.00877972970504937	0.00861027108155422	0.341726821412128	0.375352034517999	3	0	0.17929533863132	3	2	0.82070466136868	0.00438986485252468	0.00430513554077711	0.170863410706064	0.187676017258999	3	1	0.67929533863132	3	3	0.32070466136868	0.00438986485252468	0.00430513554077711	0.670863410706064	0.687676017259
56	11	130991178	134946288	0.503928602802049	1	-0.0541190816581155	2.07549739530542	1	1	1	NA	NA	NA	NA	NA	NA	NA	NA	NA	NA	NA	NA	NA	NA	NA	NA	NA	NA	NA	NA	NA	NA	NA	NA	NA	NA	NA	NA	NA	NA	NA	NA	NA	NA	NA	NA	NA	NA	NA	NA	NA	NA	NA	NA	NA	NA	NA	NA	NA	NA	NA	NA	NA	NA	NA	NA	NA
57	12	191525	133839356	0.502845652849478	1	-0.102902481343211	2.00282109865884	1	1	1	NA	NA	NA	NA	NA	NA	NA	NA	NA	NA	NA	NA	NA	NA	NA	NA	NA	NA	NA	NA	NA	NA	NA	NA	NA	NA	NA	NA	NA	NA	NA	NA	NA	NA	NA	NA	NA	NA	NA	NA	NA	NA	NA	NA	NA	NA	NA	NA	NA	NA	NA	NA	NA	NA	NA	NA	NA
58	13	19449788	114999838	0.950313830070057	1	-1.03130571894321	1	1	0	1	NA	NA	NA	NA	NA	NA	NA	NA	NA	NA	NA	NA	NA	NA	NA	NA	NA	NA	NA	NA	NA	NA	NA	NA	NA	NA	NA	NA	NA	NA	NA	NA	NA	NA	NA	NA	NA	NA	NA	NA	NA	NA	NA	NA	NA	NA	NA	NA	NA	NA	NA	NA	NA	NA	NA	NA	NA
59	14	20425051	106023250	0.951041133544849	1	-1.03726885744843	1.22074759012549	1	0	1	NA	NA	NA	NA	NA	NA	NA	NA	NA	NA	NA	NA	NA	NA	NA	NA	NA	NA	NA	NA	NA	NA	NA	NA	NA	NA	NA	NA	NA	NA	NA	NA	NA	NA	NA	NA	NA	NA	NA	NA	NA	NA	NA	NA	NA	NA	NA	NA	NA	NA	NA	NA	NA	NA	NA	NA	NA
60	14	107179268	107255234	0.651107650550203	1	0.391556398483731	2.86666365934088	2	1	1	NA	NA	NA	NA	NA	NA	NA	NA	NA	NA	NA	NA	NA	NA	NA	NA	NA	NA	NA	NA	NA	NA	NA	NA	NA	NA	NA	NA	NA	NA	NA	NA	NA	NA	NA	NA	NA	NA	NA	NA	NA	NA	NA	NA	NA	NA	NA	NA	NA	NA	NA	NA	NA	NA	NA	NA	NA
61	15	20001712	102358104	0.659289219929144	1	0.462490096229257	3.01669337520267	2	1	1	NA	NA	NA	NA	NA	NA	NA	NA	NA	NA	NA	NA	NA	NA	NA	NA	NA	NA	NA	NA	NA	NA	NA	NA	NA	NA	NA	NA	NA	NA	NA	NA	NA	NA	NA	NA	NA	NA	NA	NA	NA	NA	NA	NA	NA	NA	NA	NA	NA	NA	NA	NA	NA	NA	NA	NA	NA
62	16	115817	89985222	0.528858760494259	0	-0.189982819611193	1.87904507169492	1	0	0.115156839081554	1	1	0.884843160918446	0.00117036973373447	0.00120967041154311	0.112789845821632	0.117480981323762	1	0	0.557578419540777	1	2	0.442421580459223	0.000585184866867261	0.000574857518523754	0.556477819424035	0.558721681022129	0	0	0.993241554923254	1	0	0.00675844507674594	7.71025527273039e-05	8.00387781757128e-05	0.993085008095441	0.993406455444692	0	0	0.996620777461627	2	0	0.00337922253837286	3.85512763637075e-05	3.72334654421142e-05	0.996553060078268	0.996693243253679	NA	NA	NA	NA	NA	NA	NA	NA	NA	NA	NA	NA	NA	NA	NA	NA	NA	NA	NA	NA
63	17	5687	79998898	0.503535615065229	1	-0.0771324731702586	2.040906321882	1	1	1	NA	NA	NA	NA	NA	NA	NA	NA	NA	NA	NA	NA	NA	NA	NA	NA	NA	NA	NA	NA	NA	NA	NA	NA	NA	NA	NA	NA	NA	NA	NA	NA	NA	NA	NA	NA	NA	NA	NA	NA	NA	NA	NA	NA	NA	NA	NA	NA	NA	NA	NA	NA	NA	NA	NA	NA	NA
64	18	125632	4679298	0.645100193029876	4.74952725010484e-48	0.393583150847934	2.87084880076082	1	1	0.137192341269199	2	1	0.862807658730801	0.00884838355082435	0.00879747834997894	0.12067946324757	0.155102263221295	0	1	0.0685961706345995	2	1	0.9314038293654	0.00442419177541215	0.00445870323669409	0.0604351566594066	0.0768992919081372	1	1	0.5685961706346	3	1	0.4314038293654	0.00442419177541231	0.0044587032366941	0.560435156659406	0.576899291908137	2	1	0.924524072445963	2	2	0.0754759275540369	0.00521607804470847	0.00525579636300775	0.9146074596612	0.934017366106827	2	0	0.462262036222982	2	2	0.537737963777018	0.00260803902235407	0.00262789818150388	0.4573037298306	0.467008683053414	2	1	0.962262036222982	2	3	0.0377379637770184	0.00260803902235407	0.00262789818150388	0.9573037298306	0.967008683053413
65	18	4681710	78017073	0.502105476086293	1	-0.14486441379785	1.94224346683086	1	1	1	NA	NA	NA	NA	NA	NA	NA	NA	NA	NA	NA	NA	NA	NA	NA	NA	NA	NA	NA	NA	NA	NA	NA	NA	NA	NA	NA	NA	NA	NA	NA	NA	NA	NA	NA	NA	NA	NA	NA	NA	NA	NA	NA	NA	NA	NA	NA	NA	NA	NA	NA	NA	NA	NA	NA	NA	NA
66	19	226776	13726221	0.660191037108839	1	0.526518647490335	3.15860046794121	2	1	1	NA	NA	NA	NA	NA	NA	NA	NA	NA	NA	NA	NA	NA	NA	NA	NA	NA	NA	NA	NA	NA	NA	NA	NA	NA	NA	NA	NA	NA	NA	NA	NA	NA	NA	NA	NA	NA	NA	NA	NA	NA	NA	NA	NA	NA	NA	NA	NA	NA	NA	NA	NA	NA	NA	NA	NA	NA
67	19	13729763	59097308	0.503693001370148	1	-0.0914819990377096	2.01961539977967	1	1	1	NA	NA	NA	NA	NA	NA	NA	NA	NA	NA	NA	NA	NA	NA	NA	NA	NA	NA	NA	NA	NA	NA	NA	NA	NA	NA	NA	NA	NA	NA	NA	NA	NA	NA	NA	NA	NA	NA	NA	NA	NA	NA	NA	NA	NA	NA	NA	NA	NA	NA	NA	NA	NA	NA	NA	NA	NA
68	20	20000786	29471217	0.906339143849856	3.42067224982369e-286	-1.05493584548383	0.981961750336234	0	0	0.521313948198023	1	0	0.478686051801977	0.00665149805298149	0.00665226100107564	0.508521503417145	0.533744731299427	0	0	0.760656974099012	2	0	0.239343025900988	0.00332574902649041	0.00332613050053784	0.754260751708573	0.766872365649714	1	0	0.946127549447067	1	1	0.0538724505529328	0.00135841037884288	0.00135913073035078	0.943505236836036	0.948666961177961	1	0	0.973063774723534	1	2	0.0269362252764663	0.000679205189421384	0.000679565365175396	0.971752618418018	0.97433348058898	NA	NA	NA	NA	NA	NA	NA	NA	NA	NA	NA	NA	NA	NA	NA	NA	NA	NA	NA	NA
69	20	29509957	62954871	0.642795363960302	0	0.471540650071721	3.03637204056259	2	1	0.913100913367702	2	2	0.0868990866322981	0.00205351026876466	0.00199793031511828	0.909188857410579	0.917019120764001	2	0	0.456550456683851	2	2	0.543449543316149	0.00102675513438236	0.0010574644469197	0.454482866908737	0.458668294332106	2	1	0.956550456683851	2	3	0.043449543316149	0.00102675513438238	0.00104515730770084	0.954425167875592	0.958569335331478	1	1	0.156376273944602	2	1	0.843623726055398	0.00341415266677292	0.00342392685000919	0.1489546819421	0.163015190072984	0	1	0.0781881369723009	2	1	0.921811863027699	0.00170707633338646	0.00175274556056352	0.0747638573368071	0.0815988906859423	1	1	0.5781881369723	3	1	0.4218118630277	0.00170707633338613	0.00170485042921102	0.574986331017286	0.581662165150094
70	21	15279270	48063256	0.644957082555264	0	0.384080316730652	2.85127667107701	1	1	0.138390754441935	2	1	0.861609245558065	0.00314837423548875	0.00321005316108756	0.131797922597814	0.144435518364033	0	1	0.0691953772209675	2	1	0.930804622779033	0.00157418711774435	0.00149257058155056	0.0660981146191202	0.071865424574532	1	1	0.569195377220967	3	1	0.430804622779033	0.00157418711774421	0.00158536286483408	0.566217528932895	0.572361245830189	1	0	0.474307932286458	1	1	0.525692067713542	0.000954082839604714	0.000967348880189434	0.472362233771095	0.476217445983885	1	0	0.737153966143229	1	2	0.262846033856771	0.000477041419802315	0.000454073349542648	0.736250399104875	0.738023018116356	NA	NA	NA	NA	NA	NA	NA	NA	NA	NA
71	22	16566779	49994721	0.503427737552063	1	-0.0795229269638946	2.03734480053216	1	1	1	NA	NA	NA	NA	NA	NA	NA	NA	NA	NA	NA	NA	NA	NA	NA	NA	NA	NA	NA	NA	NA	NA	NA	NA	NA	NA	NA	NA	NA	NA	NA	NA	NA	NA	NA	NA	NA	NA	NA	NA	NA	NA	NA	NA	NA	NA	NA	NA	NA	NA	NA	NA	NA	NA	NA	NA	NA
72	X	1455800	155219912	0.954084225541098	1	-0.153959723069937	1.92934390934356	1	0	1	NA	NA	NA	NA	NA	NA	NA	NA	NA	NA	NA	NA	NA	NA	NA	NA	NA	NA	NA	NA	NA	NA	NA	NA	NA	NA	NA	NA	NA	NA	NA	NA	NA	NA	NA	NA	NA	NA	NA	NA	NA	NA	NA	NA	NA	NA	NA	NA	NA	NA	NA	NA	NA	NA	NA	NA	NA
