chr10	106048391	109048391	-1
chr10	107354509	110354509	-1
chr10	10886092	13886092	-1
chr10	109064383	112064383	-1
chr10	113052314	116052314	-1
chr10	116944030	119944030	-1
chr10	131136208	134136208	-1
chr10	15372700	18372700	-1
chr10	16249087	19249087	-1
chr10	21769606	24769606	-1
chr10	26013378	29013378	-1
chr10	301224	3301224	-1
chr10	33510801	36510801	-1
chr10	36532396	39532396	-1
chr10	36743652	39743652	-1
chr10	38288352	41288352	-1
chr10	4017844	7017844	-1
chr10	58461259	61461259	-1
chr10	63570402	66570402	-1
chr10	64141257	67141257	-1
chr10	65522845	68522845	-1
chr10	67973391	70973391	-1
chr10	77586419	80586419	-1
chr10	89130378	92130378	-1
chr10	98665848	101665848	-1
chr11	102646009	105646009	-1
chr11	102699843	105699843	-1
chr11	103224908	106224908	-1
chr11	104039374	107039374	-1
chr11	104704352	107704352	-1
chr11	105984384	108984384	-1
chr11	107033790	110033790	-1
chr11	112020545	115020545	-1
chr11	12370242	15370242	-1
chr11	123728967	126728967	-1
chr11	124135659	127135659	-1
chr11	12724052	15724052	-1
chr11	127975111	130975111	-1
chr11	128534048	131534048	-1
chr11	132744433	135744433	-1
chr11	16224398	19224398	-1
chr11	19115765	22115765	-1
chr11	28001716	31001716	-1
chr11	30353195	33353195	-1
chr11	31833048	34833048	-1
chr11	35597887	38597887	-1
chr11	47058152	50058152	-1
chr11	55922514	58922514	-1
chr11	69562117	72562117	-1
chr11	74600818	77600818	-1
chr11	75129661	78129661	-1
chr11	80226436	83226436	-1
chr11	81836812	84836812	-1
chr11	85720011	88720011	-1
chr11	88573435	91573435	-1
chr11	88865662	91865662	-1
chr11	9002814	12002814	-1
chr11	91794906	94794906	-1
chr11	9887256	12887256	-1
chr11	99316776	102316776	-1
chr12	111316868	114316868	-1
chr12	115672595	118672595	-1
chr12	130395385	133395385	-1
chr12	13626325	16626325	-1
chr12	16783987	19783987	-1
chr12	17674773	20674773	-1
chr12	19170997	22170997	-1
chr12	26863906	29863906	-1
chr12	39273647	42273647	-1
chr12	4327984	7327984	-1
chr12	65485102	68485102	-1
chr12	70522033	73522033	-1
chr12	71388404	74388404	-1
chr12	76029366	79029366	-1
chr12	78360340	81360340	-1
chr12	82443755	85443755	-1
chr12	84772051	87772051	-1
chr12	8517618	11517618	-1
chr12	91557436	94557436	-1
chr13	100817906	103817906	-1
chr13	27627948	30627948	-1
chr13	32312858	35312858	-1
chr13	35308487	38308487	-1
chr13	39078381	42078381	-1
chr13	39318249	42318249	-1
chr13	44369747	47369747	-1
chr13	45299448	48299448	-1
chr13	46496964	49496964	-1
chr13	57421336	60421336	-1
chr13	68936615	71936615	-1
chr13	71040499	74040499	-1
chr13	73789844	76789844	-1
chr14	106042450	109042450	-1
chr14	106210613	109210613	-1
chr14	106238954	109238954	-1
chr14	106371043	109371043	-1
chr14	106573541	109573541	-1
chr14	33110499	36110499	-1
chr14	36916659	39916659	-1
chr14	45087106	48087106	-1
chr14	47958155	50958155	-1
chr14	50961349	53961349	-1
chr14	58648942	61648942	-1
chr14	85780178	88780178	-1
chr14	99251357	102251357	-1
chr15	26892321	29892321	-1
chr15	31094209	34094209	-1
chr15	39002862	42002862	-1
chr15	39284434	42284434	-1
chr15	51134694	54134694	-1
chr15	55104714	58104714	-1
chr15	55508143	58508143	-1
chr15	60292989	63292989	-1
chr15	66839379	69839379	-1
chr15	69168097	72168097	-1
chr15	75144857	78144857	-1
chr15	76568185	79568185	-1
chr15	77710425	80710425	-1
chr15	86666877	89666877	-1
chr15	97861953	100861953	-1
chr16	18093148	21093148	-1
chr16	19788511	22788511	-1
chr16	26331150	29331150	-1
chr16	26661619	29661619	-1
chr16	35106807	38106807	-1
chr16	52115874	55115874	-1
chr16	5405289	8405289	-1
chr16	68749335	71749335	-1
chr16	7095599	10095599	-1
chr16	71941662	74941662	-1
chr16	72693346	75693346	-1
chr16	7366135	10366135	-1
chr16	78060286	81060286	-1
chr17	1297730	4297730	-1
chr17	13019067	16019067	-1
chr17	15826513	18826513	-1
chr17	54290202	57290202	-1
chr17	57615395	60615395	-1
chr17	67362618	70362618	-1
chr17	69208640	72208640	-1
chr17	70974221	73974221	-1
chr18	11899819	14899819	-1
chr18	14557897	17557897	-1
chr18	32135239	35135239	-1
chr18	38353654	41353654	-1
chr18	43556771	46556771	-1
chr18	47999204	50999204	-1
chr18	57783447	60783447	-1
chr18	62870831	65870831	-1
chr18	69259861	72259861	-1
chr19	17171540	20171540	-1
chr19	27939178	30939178	-1
chr19	3041009	6041009	-1
chr19	35662098	38662098	-1
chr19	39951809	42951809	-1
chr19	44181040	47181040	-1
chr19	51907631	54907631	-1
chr19	56578811	59578811	-1
chr19	56966702	59966702	-1
chr1	105732462	108732462	-1
chr1	106075996	109075996	-1
chr1	106774531	109774531	-1
chr1	114296195	117296195	-1
chr1	115641877	118641877	-1
chr1	116648343	119648343	-1
chr1	1270422	4270422	-1
chr1	157319660	160319660	-1
chr1	164302306	167302306	-1
chr1	167900121	170900121	-1
chr1	168706751	171706751	-1
chr1	169336852	172336852	-1
chr1	178280960	181280960	-1
chr1	184215661	187215661	-1
chr1	195529068	198529068	-1
chr1	200466753	203466753	-1
chr1	202761107	205761107	-1
chr1	211763026	214763026	-1
chr1	214722209	217722209	-1
chr1	216041235	219041235	-1
chr1	218273989	221273989	-1
chr1	230669099	233669099	-1
chr1	231595019	234595019	-1
chr1	237265138	240265138	-1
chr1	246073866	249073866	-1
chr1	25091333	28091333	-1
chr1	34412112	37412112	-1
chr1	50021369	53021369	-1
chr1	55531613	58531613	-1
chr1	79645263	82645263	-1
chr20	15711027	18711027	-1
chr20	31660972	34660972	-1
chr20	33954279	36954279	-1
chr21	10994971	13994971	-1
chr21	16349631	19349631	-1
chr21	20056860	23056860	-1
chr21	21230866	24230866	-1
chr21	23883282	26883282	-1
chr21	32001208	35001208	-1
chr21	32936821	35936821	-1
chr21	36808879	39808879	-1
chr21	39168051	42168051	-1
chr21	46214467	49214467	-1
chr21	9414420	12414420	-1
chr22	20886186	23886186	-1
chr22	29702368	32702368	-1
chr22	31254117	34254117	-1
chr22	40634427	43634427	-1
chr22	50167488	53167488	-1
chr2	114677118	117677118	-1
chr2	115805211	118805211	-1
chr2	117079897	120079897	-1
chr2	117942836	120942836	-1
chr2	121549125	124549125	-1
chr2	128995592	131995592	-1
chr2	135553071	138553071	-1
chr2	137861273	140861273	-1
chr2	142552395	145552395	-1
chr2	143619245	146619245	-1
chr2	148790512	151790512	-1
chr2	150070896	153070896	-1
chr2	150805704	153805704	-1
chr2	158678052	161678052	-1
chr2	172585252	175585252	-1
chr2	173211419	176211419	-1
chr2	184402124	187402124	-1
chr2	206302514	209302514	-1
chr2	209183695	212183695	-1
chr2	21290557	24290557	-1
chr2	213768947	216768947	-1
chr2	229016464	232016464	-1
chr2	23420078	26420078	-1
chr2	240178845	243178845	-1
chr2	49440094	52440094	-1
chr2	65867155	68867155	-1
chr2	79444509	82444509	-1
chr2	82317151	85317151	-1
chr2	90479672	93479672	-1
chr3	100636353	103636353	-1
chr3	106744641	109744641	-1
chr3	135722070	138722070	-1
chr3	145125180	148125180	-1
chr3	145692558	148692558	-1
chr3	146758261	149758261	-1
chr3	147652356	150652356	-1
chr3	151543190	154543190	-1
chr3	152240237	155240237	-1
chr3	152375323	155375323	-1
chr3	156806433	159806433	-1
chr3	158888726	161888726	-1
chr3	161860096	164860096	-1
chr3	182189611	185189611	-1
chr3	18279089	21279089	-1
chr3	189031133	192031133	-1
chr3	197721156	200721156	-1
chr3	22790550	25790550	-1
chr3	31388320	34388320	-1
chr3	44622175	47622175	-1
chr3	46240309	49240309	-1
chr3	48993872	51993872	-1
chr3	61726214	64726214	-1
chr3	65460491	68460491	-1
chr3	70973914	73973914	-1
chr3	71353682	74353682	-1
chr3	82157496	85157496	-1
chr3	95023679	98023679	-1
chr4	101971846	104971846	-1
chr4	102394067	105394067	-1
chr4	107361759	110361759	-1
chr4	121808307	124808307	-1
chr4	123899816	126899816	-1
chr4	130097663	133097663	-1
chr4	132295728	135295728	-1
chr4	134942349	137942349	-1
chr4	137793924	140793924	-1
chr4	142592202	145592202	-1
chr4	142744375	145744375	-1
chr4	146934146	149934146	-1
chr4	151436239	154436239	-1
chr4	153388095	156388095	-1
chr4	158358143	161358143	-1
chr4	163209309	166209309	-1
chr4	163647054	166647054	-1
chr4	177485428	180485428	-1
chr4	182627800	185627800	-1
chr4	18271406	21271406	-1
chr4	189549966	192549966	-1
chr4	25542756	28542756	-1
chr4	33781966	36781966	-1
chr4	3643289	6643289	-1
chr4	36764549	39764549	-1
chr4	38791703	41791703	-1
chr4	40821628	43821628	-1
chr4	41770326	44770326	-1
chr4	43650596	46650596	-1
chr4	44062588	47062588	-1
chr4	61578977	64578977	-1
chr4	61890490	64890490	-1
chr4	66980966	69980966	-1
chr4	84804189	87804189	-1
chr4	87949498	90949498	-1
chr4	96165064	99165064	-1
chr4	97275523	100275523	-1
chr5	104294367	107294367	-1
chr5	105141822	108141822	-1
chr5	115774876	118774876	-1
chr5	120164703	123164703	-1
chr5	122243003	125243003	-1
chr5	124852526	127852526	-1
chr5	131461597	134461597	-1
chr5	133298989	136298989	-1
chr5	136077701	139077701	-1
chr5	16273303	19273303	-1
chr5	164474872	167474872	-1
chr5	166554632	169554632	-1
chr5	174015409	177015409	-1
chr5	19747574	22747574	-1
chr5	21267173	24267173	-1
chr5	26527071	29527071	-1
chr5	33674577	36674577	-1
chr5	35487130	38487130	-1
chr5	4260572	7260572	-1
chr5	46071166	49071166	-1
chr5	6699131	9699131	-1
chr5	68703681	71703681	-1
chr5	90360812	93360812	-1
chr5	91841370	94841370	-1
chr5	94613663	97613663	-1
chr5	95450582	98450582	-1
chr5	98186635	101186635	-1
chr6	102049506	105049506	-1
chr6	102159285	105159285	-1
chr6	106726687	109726687	-1
chr6	11293212	14293212	-1
chr6	120694257	123694257	-1
chr6	123289771	126289771	-1
chr6	141673939	144673939	-1
chr6	14451475	17451475	-1
chr6	152330452	155330452	-1
chr6	152873863	155873863	-1
chr6	16304074	19304074	-1
chr6	163675427	166675427	-1
chr6	168793335	171793335	-1
chr6	19381139	22381139	-1
chr6	19520349	22520349	-1
chr6	19645390	22645390	-1
chr6	20596452	23596452	-1
chr6	3017136	6017136	-1
chr6	40040075	43040075	-1
chr6	43849558	46849558	-1
chr6	51411977	54411977	-1
chr6	55254274	58254274	-1
chr6	70559683	73559683	-1
chr6	7808721	10808721	-1
chr6	83315599	86315599	-1
chr6	9230747	12230747	-1
chr6	92442332	95442332	-1
chr6	94974458	97974458	-1
chr7	109672049	112672049	-1
chr7	110073681	113073681	-1
chr7	11011467	14011467	-1
chr7	113178920	116178920	-1
chr7	116349997	119349997	-1
chr7	121030976	124030976	-1
chr7	128420702	131420702	-1
chr7	140158124	143158124	-1
chr7	143162468	146162468	-1
chr7	145662870	148662870	-1
chr7	29756073	32756073	-1
chr7	31443189	34443189	-1
chr7	3611702	6611702	-1
chr7	40074585	43074585	-1
chr7	44158371	47158371	-1
chr7	49996007	52996007	-1
chr7	50240350	53240350	-1
chr7	77146292	80146292	-1
chr7	77540864	80540864	-1
chr7	78139243	81139243	-1
chr7	78554634	81554634	-1
chr7	79447277	82447277	-1
chr7	83569402	86569402	-1
chr7	8656338	11656338	-1
chr7	88651369	91651369	-1
chr7	94677811	97677811	-1
chr7	96450838	99450838	-1
chr7	98070438	101070438	-1
chr8	105938913	108938913	-1
chr8	113479186	116479186	-1
chr8	134691436	137691436	-1
chr8	137391413	140391413	-1
chr8	139712821	142712821	-1
chr8	144464702	147464702	-1
chr8	15116489	18116489	-1
chr8	27293556	30293556	-1
chr8	29080861	32080861	-1
chr8	31972971	34972971	-1
chr8	32740430	35740430	-1
chr8	40725157	43725157	-1
chr8	49141366	52141366	-1
chr8	53574524	56574524	-1
chr8	55033611	58033611	-1
chr8	61998594	64998594	-1
chr8	65418580	68418580	-1
chr8	67000549	70000549	-1
chr8	67844815	70844815	-1
chr8	82657943	85657943	-1
chr8	83645470	86645470	-1
chr8	84703048	87703048	-1
chr8	92328679	95328679	-1
chr8	93384910	96384910	-1
chr8	94834886	97834886	-1
chr9	102912075	105912075	-1
chr9	106396631	109396631	-1
chr9	106585474	109585474	-1
chr9	107056278	110056278	-1
chr9	120712308	123712308	-1
chr9	134576747	137576747	-1
chr9	25928455	28928455	-1
chr9	28618277	31618277	-1
chr9	28861764	31861764	-1
chr9	3159676	6159676	-1
chr9	31759130	34759130	-1
chr9	38959534	41959534	-1
chr9	67808242	70808242	-1
chr9	83055468	86055468	-1
chr9	91206933	94206933	-1
chr9	96950715	99950715	-1
chrX	100500109	103500109	-1
chrX	102486642	105486642	-1
chrX	105463246	108463246	-1
chrX	110820190	113820190	-1
chrX	139498043	142498043	-1
chrX	141638008	144638008	-1
chrX	143723888	146723888	-1
chrX	17903907	20903907	-1
chrX	3954723	6954723	-1
chrX	4046477	7046477	-1
chrX	48933555	51933555	-1
chrX	53781125	56781125	-1
chrX	5833409	8833409	-1
chrX	87708913	90708913	-1
chrY	3082856	6082856	-1
chr10	52537835	55537835	0
chr10	77586409	80586409	0
chr11	82604642	85604642	0
chr14	24185994	27185994	0
chr16	29014777	32014777	0
chr19	2985340	5985340	0
chr21	19847479	22847479	0
chr22	27894144	30894144	0
chr6	10025981	13025981	0
chr7	63662695	66662695	0
