chr10	110286061	113286061	1
chr10	110878887	113878887	1
chr10	117023449	120023449	1
chr10	122936589	125936589	1
chr10	18783402	21783402	1
chr10	21330570	24330570	1
chr10	43645515	46645515	1
chr10	53732565	56732565	1
chr10	58409645	61409645	1
chr10	69079499	72079499	1
chr10	83424831	86424831	1
chr10	83560136	86560136	1
chr10	84257978	87257978	1
chr10	87346864	90346864	1
chr10	90432833	93432833	1
chr11	101534636	104534636	1
chr11	102128401	105128401	1
chr11	102953461	105953461	1
chr11	105142700	108142700	1
chr11	114524416	117524416	1
chr11	120651448	123651448	1
chr11	122433628	125433628	1
chr11	1600737	4600737	1
chr11	21660825	24660825	1
chr11	26991168	29991168	1
chr11	28736151	31736151	1
chr11	30860976	33860976	1
chr11	32492003	35492003	1
chr11	34777860	37777860	1
chr11	40493663	43493663	1
chr11	4719170	7719170	1
chr11	55402907	58402907	1
chr11	56829436	59829436	1
chr11	58331615	61331615	1
chr11	64162956	67162956	1
chr11	73453482	76453482	1
chr11	74268536	77268536	1
chr11	79457143	82457143	1
chr11	95079424	98079424	1
chr12	107048589	110048589	1
chr12	127311367	130311367	1
chr12	20817717	23817717	1
chr12	3038669	6038669	1
chr12	33043013	36043013	1
chr12	39457565	42457565	1
chr12	48422439	51422439	1
chr12	59578966	62578966	1
chr12	72511025	75511025	1
chr12	73336130	76336130	1
chr12	78793661	81793661	1
chr12	80266325	83266325	1
chr12	85335284	88335284	1
chr13	109434093	112434093	1
chr13	109842639	112842639	1
chr13	27147498	30147498	1
chr13	34199635	37199635	1
chr13	48839022	51839022	1
chr13	53888975	56888975	1
chr13	55441866	58441866	1
chr13	64816731	67816731	1
chr13	71102359	74102359	1
chr13	71956250	74956250	1
chr13	87009184	90009184	1
chr14	100289950	103289950	1
chr14	28085584	31085584	1
chr14	29470041	32470041	1
chr14	57377001	60377001	1
chr14	70046848	73046848	1
chr14	74239290	77239290	1
chr15	100388657	103388657	1
chr15	23478355	26478355	1
chr15	32147714	35147714	1
chr15	34992452	37992452	1
chr15	36770680	39770680	1
chr15	51187018	54187018	1
chr15	62738218	65738218	1
chr15	64610352	67610352	1
chr15	78972827	81972827	1
chr15	81396451	84396451	1
chr15	89130408	92130408	1
chr15	96228731	99228731	1
chr15	96557320	99557320	1
chr16	11190046	14190046	1
chr16	18597638	21597638	1
chr16	23230000	26230000	1
chr16	31076049	34076049	1
chr16	31365457	34365457	1
chr16	3900883	6900883	1
chr16	46644683	49644683	1
chr16	49206142	52206142	1
chr16	51091760	54091760	1
chr16	60921900	63921900	1
chr16	61308929	64308929	1
chr16	62545919	65545919	1
chr16	71646082	74646082	1
chr16	75703218	78703218	1
chr16	79840451	82840451	1
chr16	83449255	86449255	1
chr17	28124949	31124949	1
chr17	29627775	32627775	1
chr17	30955934	33955934	1
chr17	48307660	51307660	1
chr17	49183227	52183227	1
chr17	51346389	54346389	1
chr17	52039359	55039359	1
chr17	58516039	61516039	1
chr17	59805686	62805686	1
chr17	60307547	63307547	1
chr17	61506086	64506086	1
chr17	69442726	72442726	1
chr17	701495	3701495	1
chr17	79358332	82358332	1
chr18	28653195	31653195	1
chr18	29994454	32994454	1
chr18	30497841	33497841	1
chr18	35917205	38917205	1
chr18	48141571	51141571	1
chr18	65335841	68335841	1
chr18	67991538	70991538	1
chr18	7161035	10161035	1
chr19	22826090	25826090	1
chr19	38562261	41562261	1
chr19	42159678	45159678	1
chr19	4221083	7221083	1
chr19	6715619	9715619	1
chr19	7891462	10891462	1
chr1	101680	3101680	1
chr1	114034951	117034951	1
chr1	162797927	165797927	1
chr1	177686730	180686730	1
chr1	183440273	186440273	1
chr1	18767166	21767166	1
chr1	192519542	195519542	1
chr1	193796195	196796195	1
chr1	195556119	198556119	1
chr1	222360347	225360347	1
chr1	231664432	234664432	1
chr1	235925075	238925075	1
chr1	239012983	242012983	1
chr1	247709836	250709836	1
chr1	30602087	33602087	1
chr1	35593429	38593429	1
chr1	37149962	40149962	1
chr1	43035996	46035996	1
chr1	4669227	7669227	1
chr1	50965481	53965481	1
chr1	51350512	54350512	1
chr1	57297704	60297704	1
chr1	75584501	78584501	1
chr1	7625519	10625519	1
chr1	86199905	89199905	1
chr1	96074162	99074162	1
chr20	25539009	28539009	1
chr21	10570289	13570289	1
chr21	21411486	24411486	1
chr21	21625516	24625516	1
chr21	22609819	25609819	1
chr21	34573792	37573792	1
chr21	47022309	50022309	1
chr21	9753244	12753244	1
chr22	23162687	26162687	1
chr22	30945632	33945632	1
chr22	33542724	36542724	1
chr22	35122754	38122754	1
chr2	109984039	112984039	1
chr2	125460122	128460122	1
chr2	13820392	16820392	1
chr2	141792944	144792944	1
chr2	143476691	146476691	1
chr2	145185250	148185250	1
chr2	147462952	150462952	1
chr2	155087398	158087398	1
chr2	164028965	167028965	1
chr2	169154746	172154746	1
chr2	180477649	183477649	1
chr2	181565055	184565055	1
chr2	181919437	184919437	1
chr2	183732558	186732558	1
chr2	210784899	213784899	1
chr2	221534900	224534900	1
chr2	222212031	225212031	1
chr2	224125216	227125216	1
chr2	237228133	240228133	1
chr2	31085362	34085362	1
chr2	31401929	34401929	1
chr2	36538157	39538157	1
chr2	40791764	43791764	1
chr2	43600164	46600164	1
chr2	43982010	46982010	1
chr2	46995596	49995596	1
chr2	62084758	65084758	1
chr2	66280996	69280996	1
chr2	77648084	80648084	1
chr2	82795194	85795194	1
chr2	82838803	85838803	1
chr2	83979857	86979857	1
chr3	102468405	105468405	1
chr3	103294569	106294569	1
chr3	109463397	112463397	1
chr3	123329495	126329495	1
chr3	134153608	137153608	1
chr3	154850851	157850851	1
chr3	157662124	160662124	1
chr3	179031479	182031479	1
chr3	185439007	188439007	1
chr3	189408740	192408740	1
chr3	193252282	196252282	1
chr3	51925916	54925916	1
chr3	896858	3896858	1
chr3	90089726	93089726	1
chr3	984065	3984065	1
chr3	99482471	102482471	1
chr4	100268665	103268665	1
chr4	117549677	120549677	1
chr4	125455087	128455087	1
chr4	12713006	15713006	1
chr4	12847426	15847426	1
chr4	139160543	142160543	1
chr4	143466230	146466230	1
chr4	150414973	153414973	1
chr4	164803410	167803410	1
chr4	165417312	168417312	1
chr4	180681681	183681681	1
chr4	38273218	41273218	1
chr4	40511205	43511205	1
chr4	45349554	48349554	1
chr4	55427550	58427550	1
chr4	62921389	65921389	1
chr4	69923053	72923053	1
chr4	78668327	81668327	1
chr4	83427236	86427236	1
chr4	92705432	95705432	1
chr4	97094793	100094793	1
chr5	103617345	106617345	1
chr5	105402791	108402791	1
chr5	124474355	127474355	1
chr5	124887284	127887284	1
chr5	127264322	130264322	1
chr5	138614930	141614930	1
chr5	139036557	142036557	1
chr5	152245171	155245171	1
chr5	161208856	164208856	1
chr5	166027951	169027951	1
chr5	18450849	21450849	1
chr5	20599615	23599615	1
chr5	23176072	26176072	1
chr5	24189515	27189515	1
chr5	24229647	27229647	1
chr5	25383720	28383720	1
chr5	33765456	36765456	1
chr5	338549	3338549	1
chr5	34874828	37874828	1
chr5	4261594	7261594	1
chr5	5383255	8383255	1
chr5	57168518	60168518	1
chr5	8088156	11088156	1
chr6	105359056	108359056	1
chr6	119462654	122462654	1
chr6	120164052	123164052	1
chr6	121289597	124289597	1
chr6	140672414	143672414	1
chr6	144992521	147992521	1
chr6	149948665	152948665	1
chr6	158386786	161386786	1
chr6	163043340	166043340	1
chr6	20085090	23085090	1
chr6	27849120	30849120	1
chr6	292226	3292226	1
chr6	4462444	7462444	1
chr6	45649655	48649655	1
chr6	5429878	8429878	1
chr6	55218047	58218047	1
chr6	62002053	65002053	1
chr6	63008561	66008561	1
chr6	66793324	69793324	1
chr6	76470333	79470333	1
chr6	80323337	83323337	1
chr6	86848761	89848761	1
chr6	86876906	89876906	1
chr6	93003218	96003218	1
chr6	9391784	12391784	1
chr6	96943718	99943718	1
chr7	102647822	105647822	1
chr7	105589125	108589125	1
chr7	110635402	113635402	1
chr7	12017420	15017420	1
chr7	131229992	134229992	1
chr7	132300044	135300044	1
chr7	136187696	139187696	1
chr7	13694774	16694774	1
chr7	139010009	142010009	1
chr7	146539787	149539787	1
chr7	19299508	22299508	1
chr7	19937264	22937264	1
chr7	27069652	30069652	1
chr7	38877839	41877839	1
chr7	4421061	7421061	1
chr7	4800713	7800713	1
chr7	57761751	60761751	1
chr7	63662730	66662730	1
chr7	69519649	72519649	1
chr7	76639973	79639973	1
chr7	77773756	80773756	1
chr7	79421755	82421755	1
chr7	87594422	90594422	1
chr7	99768346	102768346	1
chr8	100295383	103295383	1
chr8	100684271	103684271	1
chr8	10731521	13731521	1
chr8	126135361	129135361	1
chr8	129665300	132665300	1
chr8	136810222	139810222	1
chr8	14429076	17429076	1
chr8	16173290	19173290	1
chr8	18265721	21265721	1
chr8	30395651	33395651	1
chr8	32662505	35662505	1
chr8	39636527	42636527	1
chr8	4696958	7696958	1
chr8	53208287	56208287	1
chr8	69982631	72982631	1
chr8	76306960	79306960	1
chr8	89883046	92883046	1
chr8	9219708	12219708	1
chr8	95592441	98592441	1
chr9	109146493	112146493	1
chr9	109404073	112404073	1
chr9	113062914	116062914	1
chr9	118505840	121505840	1
chr9	119439322	122439322	1
chr9	120119117	123119117	1
chr9	130684846	133684846	1
chr9	133518141	136518141	1
chr9	13494335	16494335	1
chr9	140200574	143200574	1
chr9	140305755	143305755	1
chr9	17812866	20812866	1
chr9	20762840	23762840	1
chr9	24461243	27461243	1
chr9	25389728	28389728	1
chr9	28939428	31939428	1
chr9	35322933	38322933	1
chr9	37457883	40457883	1
chr9	5476682	8476682	1
chr9	65606938	68606938	1
chr9	66486340	69486340	1
chr9	6963888	9963888	1
chr9	83223271	86223271	1
chrX	108380767	111380767	1
chrX	110176539	113176539	1
chrX	121481389	124481389	1
chrX	53175272	56175272	1
chrX	76116004	79116004	1
chrX	83866279	86866279	1
chrX	8523929	11523929	1
chrY	5823405	8823405	1
